<?xml version="1.0"?>
<VTKFile type="ImageData" version="0.1" byte_order="LittleEndian">
<ImageData WholeExtent="0 199 0 199 0 0" Origin="0 0 0" Spacing="15 15 0">
<Piece Extent="0 199 0 199 0 0">
<PointData Scalars="Amplitude">
<DataArray type="Float32" Name="Amplitude" format="ascii">
0 0 0 0 0 0 0 0 0 0 0 0 0 0 0 0 0 0 0 0 0 0 0 0 0 0 0 0 0 0 0 0 0 0 0 0 0 0 0 0 0 0 0 0 0 0 0 0 0 0 0 0 0 0 0 0 0 0 0 0 0 0 0 0 0 0 0 0 0 0 0 0 0 0 0 0 0 0 0 0 0 0 0 0 0 0 0 0 0 0 0 0 0 0 0 0 0 0 0 0 0 0 0 0 0 0 0 0 0 0 0 0 0 0 0 0 0 0 0 0 0 0 0 0 0 0 0 0 0 0 0 0 0 0 0 0 0 0 0 0 0 0 0 0 0 0 0 0 0 0 0 0 0 0 0 0 0 0 0 0 0 0 0 0 0 0 0 0 0 0 0 0 0 0 0 0 0 0 0 0 0 0 0 0 0 0 0 0 0 0 0 0 0 0 0 0 0 0 0 0 
0 0 0 0 0 0 0 0 0 0 0 0 0 0 0 0 0 0 0 0 0 0 0 0 0 0 0 0 0 0 0 0 0 0 0 0 0 0 0 0 0 0 0 0 0 0 0 0 0 0 0 0 0 0 0 0 0 0 0 0 0 0 0 0 0 0 0 0 0 0 0 0 0 0 0 0 0 0 0 0 0 0 0 0 0 0 0 0 0 0 0 0 0 0 0 0 0 0 0 0 0 0 0 0 0 0 0 0 0 0 0 0 0 0 0 0 0 0 0 0 0 0 0 0 0 0 0 0 0 0 0 0 0 0 0 0 0 0 0 0 0 0 0 0 0 0 0 0 0 0 0 0 0 0 0 0 0 0 0 0 0 0 0 0 0 0 0 0 0 0 0 0 0 0 0 0 0 0 0 0 0 0 0 0 0 0 0 0 0 0 0 0 0 0 0 0 0 0 0 0 
0 0 -2.01218e-38 -4.01632e-37 -1.99105e-36 -2.94176e-36 7.8046e-35 5.44152e-34 -3.4368e-34 -2.21744e-32 -1.00043e-31 2.07106e-31 3.92385e-30 1.31696e-29 -3.53384e-29 -4.62759e-28 -1.34189e-27 3.09692e-27 3.78628e-26 1.10077e-25 -1.33874e-25 -2.20072e-24 -7.2489e-24 -4.57656e-25 9.0867e-23 3.79547e-22 4.82546e-22 -2.42138e-21 -1.56666e-20 -3.90442e-20 5.77212e-21 4.42618e-19 1.83226e-18 3.32982e-18 -3.95503e-18 -4.91391e-17 -1.72805e-16 -2.89126e-16 2.92276e-16 3.68187e-15 1.3046e-14 2.54449e-14 7.06278e-15 -1.53956e-13 -6.72074e-13 -1.68444e-12 -2.47613e-12 3.23942e-13 1.52472e-11 5.63162e-11 1.33519e-10 2.20558e-10 1.88027e-10 -2.90884e-10 -1.80595e-09 -5.11079e-09 -1.06403e-08 -1.74058e-08 -2.11671e-08 -1.21543e-08 2.67722e-08 1.19924e-07 2.94438e-07 5.69744e-07 9.39802e-07 1.34905e-06 1.66578e-06 1.65924e-06 9.88874e-07 -7.86106e-07 -4.17053e-06 -9.66882e-06 -1.76963e-05 -2.84762e-05 -4.19383e-05 -5.76334e-05 -7.46848e-05 -9.17829e-05 -0.000107235 -0.000119065 -0.000125151 -0.000123395 -0.0001119 -8.91314e-05 -5.40588e-05 -6.25242e-06 5.40603e-05 0.000125995 0.000208049 0.000298185 0.000393934 0.000492525 0.000591014 0.000686419 0.000775838 0.000856561 0.000926156 0.000982535 0.00102403 0.00104942 0.00105797 0.00104942 0.00102403 0.000982535 0.000926156 0.000856561 0.000775838 0.000686419 0.000591014 0.000492525 0.000393934 0.000298185 0.000208049 0.000125995 5.40603e-05 -6.25242e-06 -5.40588e-05 -8.91314e-05 -0.0001119 -0.000123395 -0.000125151 -0.000119065 -0.000107235 -9.17829e-05 -7.46848e-05 -5.76334e-05 -4.19383e-05 -2.84762e-05 -1.76963e-05 -9.66882e-06 -4.17053e-06 -7.86106e-07 9.88874e-07 1.65924e-06 1.66578e-06 1.34905e-06 9.39802e-07 5.69744e-07 2.94438e-07 1.19924e-07 2.67722e-08 -1.21543e-08 -2.11671e-08 -1.74058e-08 -1.06403e-08 -5.11079e-09 -1.80595e-09 -2.90884e-10 1.88027e-10 2.20558e-10 1.33519e-10 5.63162e-11 1.52473e-11 3.23945e-13 -2.47613e-12 -1.68444e-12 -6.72074e-13 -1.53956e-13 7.06282e-15 2.54449e-14 1.3046e-14 3.68187e-15 2.92275e-16 -2.89126e-16 -1.72805e-16 -4.91391e-17 -3.95502e-18 3.32982e-18 1.83226e-18 4.42619e-19 5.77168e-21 -3.9047e-20 -1.56714e-20 -2.41213e-21 4.76272e-22 3.75992e-22 9.00742e-23 -4.56386e-25 -7.19052e-24 -2.18312e-24 -1.32731e-25 1.0926e-25 3.75788e-26 3.07264e-27 -1.33249e-27 -4.59455e-28 -3.50754e-29 1.30808e-29 3.89687e-30 2.05607e-31 -9.93843e-32 -2.20264e-32 -3.41021e-34 5.40637e-34 7.74945e-35 -3.12092e-36 -1.69366e-36 -3.18637e-37 0 0 
0 0 -4.01632e-37 -3.08858e-36 -9.37864e-36 8.00164e-35 8.52948e-34 1.02127e-33 -2.87326e-32 -1.84129e-31 4.55053e-32 5.93729e-30 2.74364e-29 -2.57066e-29 -7.84567e-28 -3.01685e-27 2.66478e-27 6.96535e-26 2.55538e-25 -6.35544e-26 -4.2547e-24 -1.68983e-23 -1.1165e-23 1.77117e-22 8.71818e-22 1.43822e-21 -4.36383e-21 -3.4865e-20 -9.7112e-20 -2.37419e-20 9.54e-19 4.32021e-18 8.565e-18 -7.06803e-18 -1.14508e-16 -4.20883e-16 -7.29043e-16 6.8305e-16 9.18149e-15 3.27727e-14 6.28698e-14 7.95818e-15 -4.29646e-13 -1.79837e-12 -4.33621e-12 -5.71117e-12 4.00725e-12 4.86165e-11 1.63736e-10 3.62621e-10 5.32869e-10 2.37877e-10 -1.53048e-09 -6.43294e-09 -1.62321e-08 -3.09279e-08 -4.49589e-08 -4.15075e-08 1.35906e-08 1.74678e-07 5.10025e-07 1.07964e-06 1.89182e-06 2.83794e-06 3.61347e-06 3.64255e-06 2.03247e-06 -2.41262e-06 -1.10929e-05 -2.54162e-05 -4.65103e-05 -7.48728e-05 -0.000110009 -0.000150119 -0.000191893 -0.000230478 -0.000259622 -0.000272018 -0.000259812 -0.000215211 -0.000131142 -1.85748e-06 0.000176529 0.000405683 0.00068486 0.00101089 0.00137838 0.00177995 0.00220675 0.00264882 0.00309567 0.00353665 0.0039614 0.00436017 0.0047241 0.00504537 0.00531728 0.00553437 0.00569243 0.00578846 0.00582067 0.00578846 0.00569243 0.00553437 0.00531728 0.00504537 0.0047241 0.00436017 0.0039614 0.00353665 0.00309567 0.00264882 0.00220675 0.00177995 0.00137838 0.00101089 0.00068486 0.000405683 0.000176529 -1.85748e-06 -0.000131142 -0.000215211 -0.000259812 -0.000272018 -0.000259622 -0.000230478 -0.000191893 -0.000150119 -0.000110009 -7.48728e-05 -4.65103e-05 -2.54162e-05 -1.10929e-05 -2.41262e-06 2.03247e-06 3.64255e-06 3.61347e-06 2.83794e-06 1.89182e-06 1.07964e-06 5.10025e-07 1.74678e-07 1.35906e-08 -4.15075e-08 -4.49589e-08 -3.09279e-08 -1.62321e-08 -6.43294e-09 -1.53048e-09 2.37877e-10 5.32869e-10 3.62621e-10 1.63737e-10 4.86165e-11 4.00726e-12 -5.71117e-12 -4.3362e-12 -1.79837e-12 -4.29645e-13 7.95844e-15 6.28698e-14 3.27727e-14 9.18149e-15 6.83049e-16 -7.29045e-16 -4.20884e-16 -1.14509e-16 -7.06805e-18 8.56498e-18 4.32021e-18 9.53995e-19 -2.37522e-20 -9.70849e-20 -3.46086e-20 -4.33217e-21 1.42509e-21 8.64341e-22 1.75616e-22 -1.10865e-23 -1.67661e-23 -4.22124e-24 -6.28133e-26 2.53669e-25 6.91371e-26 2.64225e-27 -2.99584e-27 -7.79008e-28 -2.55004e-29 2.72516e-29 5.89668e-30 4.50442e-32 -1.82919e-31 -2.85413e-32 1.0151e-33 8.47116e-34 8.02099e-35 6.92359e-36 -1.78359e-36 0 0 
0 0 -1.99105e-36 -9.37864e-36 -1.07455e-35 5.38497e-34 3.26453e-33 -5.87849e-33 -1.5688e-31 -5.76937e-31 2.3149e-30 2.8711e-29 7.24391e-29 -3.97942e-28 -3.549e-27 -7.35115e-27 3.92023e-26 3.09911e-25 6.5097e-25 -2.29551e-24 -1.96437e-23 -4.87344e-23 6.70873e-23 9.12189e-22 2.91675e-21 1.01411e-21 -3.00522e-20 -1.37111e-19 -2.38202e-19 5.0375e-19 4.70699e-18 1.47318e-17 1.43843e-17 -8.63977e-17 -5.08404e-16 -1.34288e-15 -1.02638e-15 7.56941e-15 4.05057e-14 1.06542e-13 1.20935e-13 -3.10076e-13 -2.13728e-12 -6.46476e-12 -1.16618e-11 -5.29686e-12 4.92077e-11 2.19358e-10 5.65702e-10 9.87825e-10 8.78677e-10 -1.38825e-09 -8.82125e-09 -2.51971e-08 -5.20986e-08 -8.21063e-08 -8.76651e-08 -7.9201e-09 2.59625e-07 8.5063e-07 1.89337e-06 3.42277e-06 5.2454e-06 6.76979e-06 6.83917e-06 3.62494e-06 -5.34954e-06 -2.29926e-05 -5.21998e-05 -9.51941e-05 -0.000152714 -0.000223165 -0.000301893 -0.000380711 -0.000447833 -0.000488259 -0.000484618 -0.000418412 -0.000271499 -2.767e-05 0.00032589 0.000797421 0.00138975 0.00209996 0.0029195 0.00383469 0.00482764 0.0058772 0.00696027 0.00805293 0.00913147 0.0101733 0.0111577 0.0120663 0.012883 0.0135945 0.0141902 0.0146616 0.0150025 0.0152088 0.0152778 0.0152088 0.0150025 0.0146616 0.0141902 0.0135945 0.012883 0.0120663 0.0111577 0.0101733 0.00913147 0.00805293 0.00696027 0.0058772 0.00482764 0.00383469 0.0029195 0.00209996 0.00138975 0.000797421 0.00032589 -2.767e-05 -0.000271499 -0.000418412 -0.000484618 -0.000488259 -0.000447833 -0.000380711 -0.000301893 -0.000223165 -0.000152714 -9.51941e-05 -5.21998e-05 -2.29926e-05 -5.34954e-06 3.62494e-06 6.83917e-06 6.76979e-06 5.2454e-06 3.42277e-06 1.89337e-06 8.5063e-07 2.59625e-07 -7.9201e-09 -8.76651e-08 -8.21063e-08 -5.20986e-08 -2.51971e-08 -8.82125e-09 -1.38825e-09 8.78677e-10 9.87826e-10 5.65703e-10 2.19358e-10 4.92078e-11 -5.29685e-12 -1.16617e-11 -6.46477e-12 -2.13728e-12 -3.10075e-13 1.20935e-13 1.06542e-13 4.05057e-14 7.56941e-15 -1.02638e-15 -1.34289e-15 -5.08404e-16 -8.63978e-17 1.43843e-17 1.47318e-17 4.70697e-18 5.03744e-19 -2.37992e-19 -1.3614e-19 -2.97995e-20 1.00424e-21 2.89184e-21 9.04529e-22 6.64964e-23 -4.83584e-23 -1.94907e-23 -2.27711e-24 6.46323e-25 3.07633e-25 3.89071e-26 -7.30132e-27 -3.52405e-27 -3.95077e-28 7.19609e-29 2.85159e-29 2.29873e-30 -5.73182e-31 -1.55842e-31 -5.83799e-33 3.24261e-33 5.43921e-34 8.02359e-35 -3.34179e-36 0 0 
0 0 -2.94176e-36 8.00164e-35 5.38497e-34 3.25439e-33 -7.00338e-33 -1.71967e-31 -6.05991e-31 3.0403e-30 3.4698e-29 7.73418e-29 -5.8707e-28 -4.715e-27 -7.97061e-27 6.59548e-26 4.53629e-25 7.62607e-25 -4.56435e-24 -3.18432e-23 -6.50791e-23 1.84203e-22 1.65089e-21 4.45081e-21 -2.12772e-21 -6.23485e-20 -2.34833e-19 -2.71049e-19 1.48956e-18 9.28863e-18 2.35106e-17 2.76459e-18 -2.28741e-16 -1.00248e-15 -2.052e-15 6.96351e-16 2.15493e-14 8.4476e-14 1.71335e-13 2.67125e-14 -1.22183e-12 -5.19131e-12 -1.23234e-11 -1.41317e-11 2.37786e-11 1.80399e-10 5.59114e-10 1.13117e-09 1.30348e-09 -8.42467e-10 -9.29803e-09 -2.9678e-08 -6.52663e-08 -1.06598e-07 -1.12897e-07 1.14645e-08 4.33134e-07 1.37456e-06 3.03442e-06 5.41257e-06 8.02891e-06 9.56747e-06 7.53469e-06 -1.9222e-06 -2.38603e-05 -6.38871e-05 -0.000126921 -0.000215406 -0.000327175 -0.000453309 -0.000576407 -0.000669692 -0.000697332 -0.000616058 -0.000378081 6.49998e-05 0.000757791 0.00173671 0.00302619 0.00463591 0.00655947 0.00877442 0.0112437 0.0139183 0.0167409 0.019649 0.0225798 0.0254724 0.0282717 0.0309301 0.0334085 0.0356771 0.0377153 0.0395103 0.0410564 0.0423526 0.0434021 0.0442099 0.0447818 0.0451228 0.0452361 0.0451228 0.0447818 0.0442099 0.0434021 0.0423526 0.0410564 0.0395103 0.0377153 0.0356771 0.0334085 0.0309301 0.0282717 0.0254724 0.0225798 0.019649 0.0167409 0.0139183 0.0112437 0.00877442 0.00655947 0.00463591 0.00302619 0.00173671 0.000757791 6.49998e-05 -0.000378081 -0.000616058 -0.000697332 -0.000669692 -0.000576407 -0.000453309 -0.000327175 -0.000215406 -0.000126921 -6.38871e-05 -2.38603e-05 -1.9222e-06 7.53469e-06 9.56747e-06 8.02891e-06 5.41257e-06 3.03442e-06 1.37456e-06 4.33134e-07 1.14645e-08 -1.12897e-07 -1.06598e-07 -6.52663e-08 -2.9678e-08 -9.29803e-09 -8.42469e-10 1.30348e-09 1.13117e-09 5.59115e-10 1.80398e-10 2.37786e-11 -1.41317e-11 -1.23234e-11 -5.1913e-12 -1.22183e-12 2.67129e-14 1.71336e-13 8.4476e-14 2.15493e-14 6.96352e-16 -2.052e-15 -1.00248e-15 -2.28741e-16 2.76459e-18 2.35107e-17 9.28909e-18 1.49136e-18 -2.67653e-19 -2.32612e-19 -6.17908e-20 -2.10608e-21 4.41473e-21 1.6375e-21 1.82662e-22 -6.4598e-23 -3.16019e-23 -4.52895e-24 7.57376e-25 4.50365e-25 6.54699e-26 -7.91833e-27 -4.68237e-27 -5.82923e-28 7.68407e-29 3.4465e-29 3.0194e-30 -6.02089e-31 -1.70841e-31 -6.94717e-33 3.335e-33 8.76845e-34 8.41587e-35 0 0 
0 0 7.8046e-35 8.52948e-34 3.26453e-33 -7.00338e-33 -1.78539e-31 -6.31958e-31 3.56203e-30 3.99225e-29 8.24629e-29 -7.80636e-28 -5.97168e-27 -8.42386e-27 9.94881e-26 6.31905e-25 8.48057e-25 -7.91688e-24 -4.8922e-23 -8.24972e-23 3.88445e-22 2.80909e-21 6.49149e-21 -9.21281e-21 -1.18787e-19 -3.84523e-19 -2.23452e-19 3.44737e-18 1.70854e-17 3.48771e-17 -3.4127e-17 -5.09508e-16 -1.82572e-15 -2.73882e-15 5.87198e-15 5.02724e-14 1.59164e-13 2.32519e-13 -3.55018e-13 -3.32508e-12 -1.09317e-11 -2.01438e-11 -4.75674e-12 1.15426e-10 4.85949e-10 1.19794e-09 1.82181e-09 3.85542e-10 -7.99267e-09 -3.14013e-08 -7.68926e-08 -1.36273e-07 -1.57166e-07 -1.69445e-09 5.88211e-07 1.97497e-06 4.49108e-06 8.11377e-06 1.19118e-05 1.33177e-05 7.41776e-06 -1.34003e-05 -5.89989e-05 -0.000139818 -0.000263737 -0.000431553 -0.000631601 -0.000834457 -0.000988894 -0.00102031 -0.000832527 -0.000313404 0.000656172 0.00219071 0.00438765 0.00731545 0.0110044 0.0154404 0.0205645 0.0262749 0.0324354 0.0388846 0.0454484 0.0519521 0.0582316 0.0641437 0.0695723 0.0744335 0.0786757 0.0822815 0.0852607 0.0876496 0.0895031 0.090889 0.0918837 0.0925641 0.0930044 0.0932707 0.0934193 0.0934915 0.0935124 0.0934915 0.0934193 0.0932707 0.0930044 0.0925641 0.0918837 0.090889 0.0895031 0.0876496 0.0852607 0.0822815 0.0786757 0.0744335 0.0695723 0.0641437 0.0582316 0.0519521 0.0454484 0.0388846 0.0324354 0.0262749 0.0205645 0.0154404 0.0110044 0.00731545 0.00438765 0.00219071 0.000656172 -0.000313404 -0.000832527 -0.00102031 -0.000988894 -0.000834457 -0.000631601 -0.000431553 -0.000263737 -0.000139818 -5.89989e-05 -1.34003e-05 7.41776e-06 1.33177e-05 1.19118e-05 8.11377e-06 4.49108e-06 1.97497e-06 5.88211e-07 -1.69445e-09 -1.57166e-07 -1.36273e-07 -7.68926e-08 -3.14013e-08 -7.99268e-09 3.85548e-10 1.82181e-09 1.19794e-09 4.85949e-10 1.15426e-10 -4.75675e-12 -2.01439e-11 -1.09317e-11 -3.32509e-12 -3.55018e-13 2.32519e-13 1.59165e-13 5.02725e-14 5.87199e-15 -2.73882e-15 -1.82572e-15 -5.09508e-16 -3.41262e-17 3.48798e-17 1.70878e-17 3.43181e-18 -2.20255e-19 -3.81123e-19 -1.17772e-19 -9.12986e-21 6.44115e-21 2.787e-21 3.85308e-22 -8.19139e-23 -4.85601e-23 -7.857e-24 8.42499e-25 6.27438e-25 9.87702e-26 -8.37042e-27 -5.93093e-27 -7.75203e-28 8.19365e-29 3.9657e-29 3.53785e-30 -6.27911e-31 -1.77287e-31 -6.81924e-33 9.74745e-34 6.0157e-34 0 0 
0 0 5.44152e-34 1.02127e-33 -5.87849e-33 -1.71967e-31 -6.31958e-31 3.75143e-30 4.27905e-29 8.50024e-29 -9.39706e-28 -7.04982e-27 -8.37873e-27 1.35652e-25 8.1912e-25 8.50598e-25 -1.22841e-23 -6.97591e-23 -9.46662e-23 7.04529e-22 4.42126e-21 8.71516e-21 -2.28335e-20 -2.07574e-19 -5.86041e-19 2.64291e-20 6.92914e-18 2.89749e-17 4.57605e-17 -1.209e-16 -1.00233e-15 -3.02102e-15 -2.75787e-15 1.78734e-14 1.01948e-13 2.66379e-13 2.16398e-13 -1.3673e-12 -7.44908e-12 -1.99538e-11 -2.55218e-11 4.01244e-11 3.3638e-10 1.07398e-09 2.12401e-09 1.88353e-09 -4.73069e-09 -2.79292e-08 -8.00583e-08 -1.5958e-07 -2.11876e-07 -6.4278e-08 6.42095e-07 2.45533e-06 5.92773e-06 1.109e-05 1.64773e-05 1.77643e-05 6.36301e-06 -3.13112e-05 -0.000112906 -0.000256501 -0.000473603 -0.000758882 -0.00107785 -0.0013548 -0.00146392 -0.00122699 -0.000419686 0.00121235 0.00392871 0.00796366 0.013494 0.0206105 0.0292966 0.0394193 0.0507322 0.0628906 0.0754781 0.0880386 0.100112 0.111267 0.121134 0.129423 0.135938 0.140586 0.143371 0.144383 0.143789 0.141813 0.138723 0.134803 0.130351 0.125655 0.120991 0.116605 0.112713 0.109495 0.107094 0.105613 0.105113 0.105613 0.107094 0.109495 0.112713 0.116605 0.120991 0.125655 0.130351 0.134803 0.138723 0.141813 0.143789 0.144383 0.143371 0.140586 0.135938 0.129423 0.121134 0.111267 0.100112 0.0880386 0.0754781 0.0628906 0.0507322 0.0394193 0.0292966 0.0206105 0.013494 0.00796366 0.00392871 0.00121235 -0.000419686 -0.00122699 -0.00146392 -0.0013548 -0.00107785 -0.000758882 -0.000473603 -0.000256501 -0.000112906 -3.13112e-05 6.36301e-06 1.77643e-05 1.64773e-05 1.109e-05 5.92773e-06 2.45533e-06 6.42095e-07 -6.4278e-08 -2.11876e-07 -1.5958e-07 -8.00583e-08 -2.79292e-08 -4.73069e-09 1.88353e-09 2.12401e-09 1.07398e-09 3.3638e-10 4.01244e-11 -2.55218e-11 -1.99538e-11 -7.44909e-12 -1.3673e-12 2.16398e-13 2.66381e-13 1.01948e-13 1.78734e-14 -2.75785e-15 -3.02102e-15 -1.00233e-15 -1.209e-16 4.57126e-17 2.87742e-17 6.87128e-18 2.60423e-20 -5.81226e-19 -2.05871e-19 -2.26386e-20 8.65049e-21 4.38744e-21 6.99002e-22 -9.40296e-23 -6.92536e-23 -1.21931e-23 8.45333e-25 8.13422e-25 1.34689e-25 -8.32735e-27 -7.00227e-27 -9.33245e-28 8.44665e-29 4.25086e-29 3.72633e-30 -6.27832e-31 -1.74493e-31 -3.24777e-32 -5.05984e-34 0 0 
0 0 -3.4368e-34 -2.87326e-32 -1.5688e-31 -6.05991e-31 3.56203e-30 4.27905e-29 8.57303e-29 -1.02989e-27 -7.78013e-27 -8.0671e-27 1.68571e-25 9.91868e-25 7.73149e-25 -1.7285e-23 -9.27163e-23 -9.79701e-23 1.13742e-21 6.46919e-21 1.07719e-20 -4.53053e-20 -3.35592e-19 -8.32856e-19 6.3032e-19 1.2574e-17 4.57538e-17 5.1303e-17 -2.89539e-16 -1.79012e-15 -4.57206e-15 -1.05396e-15 4.12678e-14 1.85389e-13 3.96582e-13 -1.09866e-14 -3.511e-12 -1.45273e-11 -3.17662e-11 -1.81226e-11 1.61125e-10 7.78374e-10 2.02593e-09 3.0194e-09 -5.53841e-10 -1.96305e-08 -7.17271e-08 -1.67015e-07 -2.63484e-07 -1.77823e-07 5.31335e-07 2.62059e-06 6.96758e-06 1.38433e-05 2.13895e-05 2.3288e-05 6.14891e-06 -5.20887e-05 -0.000180724 -0.000409518 -0.000754841 -0.0011986 -0.00166235 -0.00198162 -0.00188763 -0.0010039 0.00113638 0.00504985 0.011242 0.0201338 0.0319861 0.0468362 0.0644564 0.0843441 0.105743 0.1277 0.14914 0.168958 0.186109 0.199691 0.209013 0.213626 0.21335 0.208262 0.198669 0.185068 0.168101 0.1485 0.12704 0.104497 0.0816179 0.0590834 0.0375032 0.0174019 -0.000780949 -0.0166891 -0.0300422 -0.0406276 -0.0482909 -0.052929 -0.0544816 -0.052929 -0.0482909 -0.0406276 -0.0300422 -0.0166891 -0.000780949 0.0174019 0.0375032 0.0590834 0.0816179 0.104497 0.12704 0.1485 0.168101 0.185068 0.198669 0.208262 0.21335 0.213626 0.209013 0.199691 0.186109 0.168958 0.14914 0.1277 0.105743 0.0843441 0.0644564 0.0468362 0.0319861 0.0201338 0.011242 0.00504985 0.00113638 -0.0010039 -0.00188763 -0.00198162 -0.00166235 -0.0011986 -0.000754841 -0.000409518 -0.000180724 -5.20887e-05 6.14891e-06 2.3288e-05 2.13895e-05 1.38433e-05 6.96758e-06 2.62059e-06 5.31335e-07 -1.77824e-07 -2.63484e-07 -1.67015e-07 -7.17272e-08 -1.96306e-08 -5.53854e-10 3.0194e-09 2.02593e-09 7.78375e-10 1.61125e-10 -1.81224e-11 -3.17662e-11 -1.45274e-11 -3.51101e-12 -1.09894e-14 3.96583e-13 1.85389e-13 4.12679e-14 -1.05395e-15 -4.57207e-15 -1.79021e-15 -2.89875e-16 5.06944e-17 4.53382e-17 1.24643e-17 6.24054e-19 -8.26341e-19 -3.32925e-19 -4.49324e-20 1.06956e-20 6.42091e-21 1.12871e-21 -9.73504e-23 -9.20569e-23 -1.71593e-23 7.68729e-25 9.85062e-25 1.67391e-25 -8.01921e-27 -7.72818e-27 -1.02289e-27 8.51945e-29 4.2511e-29 3.53526e-30 -6.2675e-31 -2.06902e-31 -2.68985e-32 0 0 
0 0 -2.21744e-32 -1.84129e-31 -5.76937e-31 3.0403e-30 3.99225e-29 8.50024e-29 -1.02989e-27 -8.0386e-27 -7.80159e-27 1.91747e-25 1.12498e-24 6.51917e-25 -2.222e-23 -1.15233e-22 -9.13313e-23 1.66141e-21 8.83121e-21 1.22735e-20 -7.78615e-20 -5.04579e-19 -1.10555e-18 1.75634e-18 2.09827e-17 6.77686e-17 4.43327e-17 -5.7735e-16 -2.94835e-15 -6.34607e-15 3.91597e-15 8.15004e-14 3.0745e-13 5.19758e-13 -6.59571e-13 -7.41878e-12 -2.52944e-11 -4.35797e-11 2.10948e-11 4.17294e-10 1.53935e-09 3.29585e-09 2.95436e-09 -9.06479e-09 -5.28632e-08 -1.51587e-07 -2.90138e-07 -3.11586e-07 2.52569e-07 2.33418e-06 7.21193e-06 1.56785e-05 2.59622e-05 3.01475e-05 9.67867e-06 -6.80418e-05 -0.000248317 -0.000578408 -0.00108323 -0.00172625 -0.00235934 -0.00267165 -0.00215261 -8.60625e-05 0.00441038 0.0122952 0.0244677 0.0416059 0.064004 0.0914418 0.123111 0.157621 0.193077 0.227241 0.257729 0.282236 0.298747 0.30571 0.302157 0.287751 0.262787 0.228111 0.185019 0.135128 0.0802423 0.0222033 -0.0372041 -0.0963503 -0.153824 -0.208459 -0.259351 -0.305845 -0.34751 -0.384105 -0.415544 -0.441849 -0.46311 -0.479456 -0.491014 -0.497901 -0.500188 -0.497901 -0.491014 -0.479456 -0.46311 -0.441849 -0.415544 -0.384105 -0.34751 -0.305845 -0.259351 -0.208459 -0.153824 -0.0963503 -0.0372041 0.0222033 0.0802423 0.135128 0.185019 0.228111 0.262787 0.287751 0.302157 0.30571 0.298747 0.282236 0.257729 0.227241 0.193077 0.157621 0.123111 0.0914418 0.064004 0.0416059 0.0244677 0.0122952 0.00441038 -8.60625e-05 -0.00215261 -0.00267165 -0.00235934 -0.00172625 -0.00108323 -0.000578408 -0.000248317 -6.80418e-05 9.67867e-06 3.01475e-05 2.59622e-05 1.56785e-05 7.21193e-06 2.33418e-06 2.52569e-07 -3.11586e-07 -2.90138e-07 -1.51587e-07 -5.28633e-08 -9.06481e-09 2.95436e-09 3.29585e-09 1.53936e-09 4.17295e-10 2.10947e-11 -4.35798e-11 -2.52944e-11 -7.4188e-12 -6.59575e-13 5.19758e-13 3.0745e-13 8.15005e-14 3.91586e-15 -6.34652e-15 -2.94876e-15 -5.74821e-16 4.37828e-17 6.71919e-17 2.08074e-17 1.74053e-18 -1.09725e-18 -5.0068e-19 -7.72396e-20 1.21908e-20 8.76671e-21 1.64895e-21 -9.08026e-23 -1.14427e-22 -2.20608e-23 6.48568e-25 1.11736e-24 1.9042e-25 -7.75635e-27 -7.98541e-27 -1.02295e-27 8.44703e-29 3.96435e-29 3.02548e-30 1.22247e-31 -1.19255e-31 0 0 
0 0 -1.00043e-31 4.55053e-32 2.3149e-30 3.4698e-29 8.24629e-29 -9.39706e-28 -7.78013e-27 -7.80159e-27 2.00111e-25 1.19749e-24 5.43854e-25 -2.62133e-23 -1.34296e-22 -7.74178e-23 2.21586e-21 1.12818e-20 1.29511e-20 -1.19583e-19 -7.08236e-19 -1.37471e-18 3.53301e-18 3.24914e-17 9.45817e-17 1.62141e-17 -1.02087e-15 -4.52673e-15 -8.07687e-15 1.40507e-14 1.44029e-13 4.70154e-13 5.80719e-13 -2.00622e-12 -1.3754e-11 -3.98645e-11 -4.92554e-11 1.20734e-10 8.79614e-10 2.68294e-09 4.57411e-09 9.52243e-11 -2.91587e-08 -1.14713e-07 -2.73628e-07 -4.10302e-07 -1.11516e-07 1.61925e-06 6.42855e-06 1.58846e-05 2.9066e-05 3.77119e-05 1.92237e-05 -6.99248e-05 -0.000294675 -0.00072731 -0.00141004 -0.00228947 -0.0031274 -0.00340502 -0.00224971 0.00158007 0.00962052 0.0235238 0.0447846 0.0744107 0.112598 0.158476 0.209993 0.263971 0.316333 0.362495 0.397829 0.418165 0.420224 0.401949 0.362672 0.303141 0.225371 0.132402 0.0279822 -0.0837956 -0.198808 -0.313198 -0.423596 -0.527267 -0.622169 -0.706974 -0.781016 -0.844199 -0.896912 -0.939885 -0.974104 -1.0007 -1.02082 -1.03565 -1.04621 -1.05342 -1.05801 -1.06055 -1.06136 -1.06055 -1.05801 -1.05342 -1.04621 -1.03565 -1.02082 -1.0007 -0.974104 -0.939885 -0.896912 -0.844199 -0.781016 -0.706974 -0.622169 -0.527267 -0.423596 -0.313198 -0.198808 -0.0837956 0.0279822 0.132402 0.225371 0.303141 0.362672 0.401949 0.420224 0.418165 0.397829 0.362495 0.316333 0.263971 0.209993 0.158476 0.112598 0.0744107 0.0447846 0.0235238 0.00962052 0.00158007 -0.00224971 -0.00340502 -0.0031274 -0.00228947 -0.00141004 -0.00072731 -0.000294675 -6.99248e-05 1.92237e-05 3.77119e-05 2.9066e-05 1.58846e-05 6.42855e-06 1.61925e-06 -1.11515e-07 -4.10302e-07 -2.73628e-07 -1.14713e-07 -2.91587e-08 9.52263e-11 4.57411e-09 2.68294e-09 8.79614e-10 1.20734e-10 -4.92554e-11 -3.98645e-11 -1.37541e-11 -2.00623e-12 5.80718e-13 4.70153e-13 1.44028e-13 1.40507e-14 -8.07e-15 -4.49711e-15 -1.01261e-15 1.61368e-17 9.38294e-17 3.223e-17 3.50282e-18 -1.3648e-18 -7.02898e-19 -1.18651e-19 1.28686e-20 1.1201e-20 2.19953e-21 -7.70261e-23 -1.3337e-22 -2.6028e-23 5.41401e-25 1.18946e-24 1.98739e-25 -7.75652e-27 -7.72905e-27 -9.33444e-28 8.1952e-29 3.53265e-29 7.51578e-30 3.15364e-31 0 0 
0 0 2.07106e-31 5.93729e-30 2.8711e-29 7.73418e-29 -7.80636e-28 -7.04982e-27 -8.0671e-27 1.91747e-25 1.19749e-24 5.00858e-25 -2.84542e-23 -1.4708e-22 -6.2125e-23 2.71328e-21 1.35223e-20 1.28002e-20 -1.66683e-19 -9.30801e-19 -1.60895e-18 5.97778e-18 4.69332e-17 1.24693e-16 -4.14746e-17 -1.64753e-15 -6.53282e-15 -9.39124e-15 3.12843e-14 2.33088e-13 6.68356e-13 5.01424e-13 -4.35751e-12 -2.30493e-11 -5.73161e-11 -3.89096e-11 3.16646e-10 1.61531e-09 4.1826e-09 5.15934e-09 -8.41515e-09 -6.7752e-08 -2.1374e-07 -4.26016e-07 -4.22794e-07 6.90142e-07 4.73158e-06 1.40783e-05 2.93969e-05 4.39925e-05 3.42029e-05 -5.17918e-05 -0.000299248 -0.000812895 -0.00166723 -0.00280845 -0.00390941 -0.0042019 -0.00233646 0.00366269 0.0162816 0.0382013 0.0717946 0.118506 0.178235 0.248875 0.326126 0.403677 0.473752 0.527961 0.558297 0.558131 0.523056 0.451399 0.344436 0.206158 0.042826 -0.137741 -0.326979 -0.516335 -0.697964 -0.865249 -1.01311 -1.13819 -1.23875 -1.31464 -1.36692 -1.39768 -1.40967 -1.40608 -1.39025 -1.36548 -1.33493 -1.30146 -1.26758 -1.23546 -1.20687 -1.18322 -1.16558 -1.15471 -1.15103 -1.15471 -1.16558 -1.18322 -1.20687 -1.23546 -1.26758 -1.30146 -1.33493 -1.36548 -1.39025 -1.40608 -1.40967 -1.39768 -1.36692 -1.31464 -1.23875 -1.13819 -1.01311 -0.865249 -0.697964 -0.516335 -0.326979 -0.137741 0.042826 0.206158 0.344436 0.451399 0.523056 0.558131 0.558297 0.527961 0.473752 0.403677 0.326126 0.248875 0.178235 0.118506 0.0717946 0.0382013 0.0162816 0.00366269 -0.00233646 -0.0042019 -0.00390941 -0.00280845 -0.00166723 -0.000812895 -0.000299248 -5.17918e-05 3.42029e-05 4.39925e-05 2.93969e-05 1.40783e-05 4.73158e-06 6.90143e-07 -4.22793e-07 -4.26016e-07 -2.13739e-07 -6.77518e-08 -8.41512e-09 5.15934e-09 4.1826e-09 1.61531e-09 3.16646e-10 -3.89095e-11 -5.73161e-11 -2.30493e-11 -4.3575e-12 5.01424e-13 6.68357e-13 2.331e-13 3.13303e-14 -9.2999e-15 -6.47619e-15 -1.63348e-15 -4.09547e-17 1.23743e-16 4.65662e-17 5.92845e-18 -1.59781e-18 -9.23931e-19 -1.6541e-19 1.27238e-20 1.3427e-20 2.69358e-21 -6.18678e-23 -1.46077e-22 -2.82554e-23 4.98743e-25 1.18953e-24 1.90445e-25 -8.01986e-27 -7.00388e-27 -7.74818e-28 8.09541e-29 3.3309e-29 5.29995e-30 0 0 
0 0 3.92385e-30 2.74364e-29 7.24391e-29 -5.8707e-28 -5.97168e-27 -8.37873e-27 1.68571e-25 1.12498e-24 5.43854e-25 -2.84542e-23 -1.51582e-22 -5.2228e-23 3.06025e-21 1.52389e-20 1.21216e-20 -2.12663e-19 -1.14819e-18 -1.78542e-18 8.93475e-18 6.34688e-17 1.55746e-16 -1.33716e-16 -2.46327e-15 -8.92327e-15 -9.88673e-15 5.71147e-14 3.50409e-13 8.89156e-13 1.92845e-13 -7.98603e-12 -3.55266e-11 -7.54844e-11 2.62105e-13 6.45778e-10 2.66551e-09 5.86979e-09 3.91049e-09 -2.62258e-08 -1.31628e-07 -3.51329e-07 -5.65421e-07 -1.35438e-07 2.61201e-06 1.05439e-05 2.61709e-05 4.61921e-05 5.01616e-05 -1.57862e-05 -0.000252328 -0.000799608 -0.00178243 -0.00318126 -0.00461908 -0.00509043 -0.00270702 0.00542346 0.023058 0.0543274 0.102891 0.170851 0.257654 0.359257 0.467828 0.57216 0.658793 0.713708 0.724282 0.681157 0.579671 0.420642 0.210385 -0.0400743 -0.316265 -0.601926 -0.880695 -1.13765 -1.36048 -1.54027 -1.67174 -1.75324 -1.78622 -1.77471 -1.72456 -1.64274 -1.53664 -1.41361 -1.28047 -1.14331 -1.00728 -0.876592 -0.75455 -0.643622 -0.545545 -0.461507 -0.392228 -0.33812 -0.299391 -0.276142 -0.268388 -0.276142 -0.299391 -0.33812 -0.392228 -0.461507 -0.545545 -0.643622 -0.75455 -0.876592 -1.00728 -1.14331 -1.28047 -1.41361 -1.53664 -1.64274 -1.72456 -1.77471 -1.78622 -1.75324 -1.67174 -1.54027 -1.36048 -1.13765 -0.880695 -0.601926 -0.316265 -0.0400743 0.210385 0.420642 0.579671 0.681157 0.724282 0.713708 0.658793 0.57216 0.467828 0.359257 0.257654 0.170851 0.102891 0.0543274 0.023058 0.00542346 -0.00270702 -0.00509043 -0.00461908 -0.00318126 -0.00178243 -0.000799608 -0.000252328 -1.57862e-05 5.01615e-05 4.6192e-05 2.61708e-05 1.0544e-05 2.61201e-06 -1.35436e-07 -5.6542e-07 -3.51328e-07 -1.31627e-07 -2.62258e-08 3.91048e-09 5.86978e-09 2.66551e-09 6.45778e-10 2.62299e-13 -7.54842e-11 -3.55265e-11 -7.98601e-12 1.92863e-13 8.89215e-13 3.50485e-13 5.69031e-14 -9.788e-15 -8.84969e-15 -2.44303e-15 -1.32402e-16 1.54599e-16 6.29841e-17 8.86299e-18 -1.77352e-18 -1.13987e-18 -2.11068e-19 1.20543e-20 1.51328e-20 3.03833e-21 -5.20534e-23 -1.5056e-22 -2.82573e-23 5.41407e-25 1.11757e-24 1.67436e-25 -8.32827e-27 -5.92996e-27 -5.87343e-28 -5.08755e-29 1.66899e-29 0 0 
0 0 1.31696e-29 -2.57066e-29 -3.97942e-28 -4.715e-27 -8.42386e-27 1.35652e-25 9.91868e-25 6.51917e-25 -2.62133e-23 -1.4708e-22 -5.2228e-23 3.1849e-21 1.61708e-20 1.1407e-20 -2.49591e-19 -1.33197e-18 -1.89766e-18 1.20551e-17 8.05665e-17 1.85014e-16 -2.58057e-16 -3.43715e-15 -1.15865e-14 -9.24133e-15 9.20917e-14 4.94264e-13 1.11381e-12 -4.24442e-13 -1.30541e-11 -5.09615e-11 -9.1136e-11 8.173e-11 1.13707e-09 4.02313e-09 7.41286e-09 -6.53866e-10 -5.71107e-08 -2.2507e-07 -5.15845e-07 -6.08e-07 7.29695e-07 6.26621e-06 1.98474e-05 4.23227e-05 6.04127e-05 2.68059e-05 -0.000162999 -0.000677629 -0.00170394 -0.0033019 -0.00512646 -0.00602976 -0.00363491 0.0059424 0.0279999 0.0685899 0.133235 0.225166 0.343453 0.481539 0.626708 0.760809 0.862318 0.909434 0.883598 0.772814 0.57397 0.293833 -0.051532 -0.438721 -0.839901 -1.2262 -1.57091 -1.85211 -2.05442 -2.1698 -2.19731 -2.14222 -2.01463 -1.82788 -1.59684 -1.33663 -1.06132 -0.783298 -0.512664 -0.257171 -0.0221784 0.188981 0.374803 0.535206 0.671072 0.784047 0.87614 0.949511 1.00627 1.04827 1.07711 1.09394 1.09948 1.09394 1.07711 1.04827 1.00627 0.949511 0.87614 0.784047 0.671072 0.535206 0.374803 0.188981 -0.0221784 -0.257171 -0.512664 -0.783298 -1.06132 -1.33663 -1.59684 -1.82788 -2.01463 -2.14222 -2.19731 -2.1698 -2.05442 -1.85211 -1.57091 -1.2262 -0.839901 -0.438721 -0.051532 0.293833 0.57397 0.772814 0.883598 0.909434 0.862318 0.760809 0.626708 0.481539 0.343453 0.225166 0.133235 0.0685899 0.0279999 0.0059424 -0.00363491 -0.00602976 -0.00512646 -0.0033019 -0.00170394 -0.000677629 -0.000162999 2.68059e-05 6.04127e-05 4.23227e-05 1.98474e-05 6.26621e-06 7.29697e-07 -6.07997e-07 -5.15844e-07 -2.2507e-07 -5.71107e-08 -6.53862e-10 7.41286e-09 4.02313e-09 1.13707e-09 8.173e-11 -9.11355e-11 -5.09614e-11 -1.3054e-11 -4.24381e-13 1.11322e-12 4.91272e-13 9.13778e-14 -9.17452e-15 -1.14962e-14 -3.40982e-15 -2.55727e-16 1.83691e-16 7.99639e-17 1.19604e-17 -1.88545e-18 -1.32247e-18 -2.47747e-19 1.13478e-20 1.60596e-20 3.16234e-21 -5.20534e-23 -1.46096e-22 -2.60335e-23 6.48607e-25 9.85368e-25 1.34747e-25 -8.37513e-27 -4.81172e-27 -1.10792e-27 -6.0957e-29 0 0 
0 0 -3.53384e-29 -7.84567e-28 -3.549e-27 -7.97061e-27 9.94881e-26 8.1912e-25 7.73149e-25 -2.222e-23 -1.34296e-22 -6.2125e-23 3.06025e-21 1.61708e-20 1.11081e-20 -2.70223e-19 -1.4552e-18 -1.95577e-18 1.48464e-17 9.61883e-17 2.09975e-16 -4.02303e-16 -4.49492e-15 -1.43333e-14 -7.30228e-15 1.35437e-13 6.59207e-13 1.32199e-12 -1.39561e-12 -1.95466e-11 -6.86526e-11 -1.00586e-10 2.16298e-10 1.8019e-09 5.62056e-09 8.34978e-09 -1.00851e-08 -1.03967e-07 -3.47394e-07 -6.79117e-07 -4.32101e-07 2.49755e-06 1.22004e-05 3.28191e-05 5.98965e-05 6.03512e-05 -5.83291e-05 -0.000473833 -0.00142864 -0.00309735 -0.00527224 -0.00684301 -0.00515174 0.00454958 0.029191 0.0771635 0.156579 0.272638 0.424626 0.603407 0.79033 0.958265 1.07498 1.10833 1.03227 0.832335 0.509398 0.0806809 -0.421946 -0.956274 -1.47549 -1.9344 -2.29499 -2.53043 -2.6271 -2.58472 -2.4148 -2.13781 -1.77986 -1.36936 -0.934115 -0.498917 -0.084245 0.29463 0.627663 0.909632 1.13934 1.31884 1.45248 1.54604 1.60603 1.63912 1.65167 1.64955 1.63793 1.62115 1.60283 1.5858 1.57216 1.56341 1.56041 1.56341 1.57216 1.5858 1.60283 1.62115 1.63793 1.64955 1.65167 1.63912 1.60603 1.54604 1.45248 1.31884 1.13934 0.909632 0.627663 0.29463 -0.084245 -0.498917 -0.934115 -1.36936 -1.77986 -2.13781 -2.4148 -2.58472 -2.6271 -2.53043 -2.29499 -1.9344 -1.47549 -0.956274 -0.421946 0.0806809 0.509398 0.832335 1.03227 1.10833 1.07498 0.958265 0.79033 0.603407 0.424626 0.272638 0.156579 0.0771635 0.029191 0.00454958 -0.00515174 -0.00684301 -0.00527224 -0.00309734 -0.00142864 -0.000473832 -5.83291e-05 6.03511e-05 5.98966e-05 3.2819e-05 1.22004e-05 2.49756e-06 -4.32102e-07 -6.79116e-07 -3.47394e-07 -1.03967e-07 -1.00851e-08 8.34979e-09 5.62055e-09 1.8019e-09 2.16299e-10 -1.00586e-10 -6.86526e-11 -1.95475e-11 -1.40005e-12 1.31149e-12 6.53745e-13 1.34295e-13 -7.26496e-15 -1.42254e-14 -4.46005e-15 -3.98835e-16 2.08514e-16 9.54816e-17 1.47319e-17 -1.94357e-18 -1.44496e-18 -2.68252e-19 1.10522e-20 1.60608e-20 3.03879e-21 -6.1868e-23 -1.33405e-22 -2.20687e-23 7.68868e-25 8.13782e-25 9.87408e-26 -8.42126e-27 -3.95346e-27 -6.93758e-28 0 0 
0 0 -4.62759e-28 -3.01685e-27 -7.35115e-27 6.59548e-26 6.31905e-25 8.50598e-25 -1.7285e-23 -1.15233e-22 -7.74178e-23 2.71328e-21 1.52389e-20 1.1407e-20 -2.70223e-19 -1.49861e-18 -1.97798e-18 1.6789e-17 1.08165e-16 2.28769e-16 -5.45249e-16 -5.5245e-15 -1.69293e-14 -4.20039e-15 1.8466e-13 8.36587e-13 1.49717e-12 -2.71044e-12 -2.72353e-11 -8.75188e-11 -1.00644e-10 4.08583e-10 2.62733e-09 7.3342e-09 8.17874e-09 -2.56126e-08 -1.67775e-07 -4.91429e-07 -7.97879e-07 1.03027e-07 5.46467e-06 2.06863e-05 4.85789e-05 7.33847e-05 2.84267e-05 -0.000245655 -0.00101657 -0.00257352 -0.00493087 -0.00723618 -0.00690809 0.00126557 0.0256054 0.0770002 0.166873 0.303613 0.488079 0.709453 0.942995 1.1511 1.28815 1.30857 1.17652 0.874712 0.410202 -0.184485 -0.855123 -1.53379 -2.14929 -2.63767 -2.95091 -3.06259 -2.96938 -2.6893 -2.25698 -1.71746 -1.11982 -0.511173 0.0677066 0.585227 1.02017 1.36143 1.60686 1.76129 1.83464 1.8398 1.79091 1.70209 1.58632 1.45496 1.31738 1.18106 1.05158 0.932942 0.827793 0.737762 0.663764 0.606177 0.565096 0.540495 0.532306 0.540495 0.565096 0.606177 0.663764 0.737762 0.827793 0.932942 1.05158 1.18106 1.31738 1.45496 1.58632 1.70209 1.79091 1.8398 1.83464 1.76129 1.60686 1.36143 1.02017 0.585227 0.0677066 -0.511173 -1.11982 -1.71746 -2.25698 -2.6893 -2.96938 -3.06259 -2.95091 -2.63767 -2.14929 -1.53379 -0.855123 -0.184485 0.410202 0.874712 1.17652 1.30857 1.28815 1.1511 0.942995 0.709453 0.488079 0.303613 0.166873 0.0770002 0.0256054 0.00126557 -0.00690809 -0.00723617 -0.00493087 -0.00257352 -0.00101657 -0.000245656 2.84269e-05 7.33847e-05 4.85789e-05 2.06863e-05 5.46467e-06 1.03028e-07 -7.97879e-07 -4.91429e-07 -1.67775e-07 -2.56126e-08 8.17873e-09 7.33418e-09 2.62733e-09 4.08584e-10 -1.00645e-10 -8.75244e-11 -2.72458e-11 -2.70654e-12 1.48395e-12 8.29828e-13 1.83147e-13 -4.19419e-15 -1.6805e-14 -5.48248e-15 -5.40688e-16 2.27214e-16 1.07383e-16 1.66615e-17 -1.96592e-18 -1.4882e-18 -2.68274e-19 1.13487e-20 1.51361e-20 2.69441e-21 -7.70343e-23 -1.14473e-22 -1.71681e-23 8.4556e-25 6.27469e-25 6.60384e-26 6.3956e-27 -1.81495e-27 0 0 
0 0 -1.34189e-27 2.66478e-27 3.92023e-26 4.53629e-25 8.48057e-25 -1.22841e-23 -9.27163e-23 -9.13313e-23 2.21586e-21 1.35223e-20 1.21216e-20 -2.49591e-19 -1.4552e-18 -1.97798e-18 1.74861e-17 1.14674e-16 2.40331e-16 -6.60995e-16 -6.39343e-15 -1.91331e-14 -4.38783e-16 2.35278e-13 1.0141e-12 1.63076e-12 -4.29312e-12 -3.56888e-11 -1.06304e-10 -8.95879e-11 6.54452e-10 3.57482e-09 9.00759e-09 6.48772e-09 -4.77443e-08 -2.46909e-07 -6.43855e-07 -8.21327e-07 1.12464e-06 9.80589e-06 3.15293e-05 6.49664e-05 7.4635e-05 -5.65102e-05 -0.000575317 -0.00183891 -0.00409893 -0.00693483 -0.00825734 -0.00303328 0.017767 0.0671745 0.160306 0.310086 0.521085 0.78307 1.06666 1.32354 1.49253 1.51112 1.33005 0.927104 0.316245 -0.450773 -1.29118 -2.10466 -2.79058 -3.26482 -3.47275 -3.39617 -3.05313 -2.49213 -1.78196 -1.00006 -0.221629 0.489266 1.08518 1.53746 1.8357 1.98493 2.00177 1.9099 1.73641 1.50824 1.24996 0.982157 0.720916 0.477639 0.259569 0.0703906 -0.0890669 -0.219856 -0.32446 -0.406004 -0.46805 -0.514012 -0.547041 -0.569816 -0.584518 -0.592725 -0.595362 -0.592725 -0.584518 -0.569816 -0.547041 -0.514012 -0.46805 -0.406004 -0.32446 -0.219856 -0.0890669 0.0703906 0.259569 0.477639 0.720916 0.982157 1.24996 1.50824 1.73641 1.9099 2.00177 1.98493 1.8357 1.53746 1.08518 0.489266 -0.221629 -1.00006 -1.78196 -2.49213 -3.05313 -3.39617 -3.47275 -3.26482 -2.79058 -2.10466 -1.29118 -0.450773 0.316245 0.927104 1.33005 1.51112 1.49253 1.32354 1.06666 0.78307 0.521085 0.310086 0.160306 0.0671745 0.017767 -0.00303328 -0.00825736 -0.00693484 -0.00409894 -0.00183891 -0.000575317 -5.65101e-05 7.46351e-05 6.49665e-05 3.15294e-05 9.80589e-06 1.12463e-06 -8.2133e-07 -6.43856e-07 -2.46909e-07 -4.77442e-08 6.48773e-09 9.00759e-09 3.57482e-09 6.54446e-10 -8.95986e-11 -1.06278e-10 -3.5493e-11 -4.2623e-12 1.61841e-12 1.00626e-12 2.33404e-13 -4.66891e-16 -1.89956e-14 -6.34561e-15 -6.55585e-16 2.38729e-16 1.13855e-16 1.73549e-17 -1.96606e-18 -1.44519e-18 -2.47807e-19 1.20566e-20 1.34319e-20 2.20056e-21 -9.08298e-23 -9.21085e-23 -1.22018e-23 8.43184e-25 4.63375e-25 1.09801e-25 6.28284e-27 0 0 
0 0 3.09692e-27 6.96535e-26 3.09911e-25 7.62607e-25 -7.91688e-24 -6.97591e-23 -9.79701e-23 1.66141e-21 1.12818e-20 1.28002e-20 -2.12663e-19 -1.33197e-18 -1.95577e-18 1.6789e-17 1.14674e-16 2.44221e-16 -7.2592e-16 -6.97577e-15 -2.07327e-14 3.19142e-15 2.81338e-13 1.17597e-12 1.72078e-12 -6.00941e-12 -4.43275e-11 -1.23821e-10 -6.78588e-11 9.4034e-10 4.58526e-09 1.04868e-08 3.08227e-09 -7.59958e-08 -3.37099e-07 -7.87645e-07 -7.03333e-07 2.70896e-06 1.54961e-05 4.39873e-05 7.87196e-05 5.41667e-05 -0.000214592 -0.00107527 -0.00294305 -0.00586883 -0.00857134 -0.0069142 0.00777798 0.0496293 0.13705 0.28841 0.514491 0.809301 1.14245 1.45696 1.67542 1.71484 1.5073 1.02084 0.273915 -0.661277 -1.66867 -2.60933 -3.34814 -3.77933 -3.84529 -3.54438 -2.92752 -2.08528 -1.12948 -0.173775 0.682976 1.36821 1.84068 2.08997 2.13168 1.99989 1.73905 1.39663 1.01703 0.637566 0.286647 -0.0168861 -0.262952 -0.448631 -0.57653 -0.652944 -0.686143 -0.685281 -0.65932 -0.616429 -0.563728 -0.507004 -0.450916 -0.398954 -0.353705 -0.316986 -0.29004 -0.273589 -0.268073 -0.273589 -0.29004 -0.316986 -0.353705 -0.398954 -0.450916 -0.507004 -0.563728 -0.616429 -0.65932 -0.685281 -0.686143 -0.652944 -0.57653 -0.448631 -0.262952 -0.0168861 0.286647 0.637566 1.01703 1.39663 1.73905 1.99989 2.13168 2.08997 1.84068 1.36821 0.682976 -0.173775 -1.12948 -2.08528 -2.92752 -3.54438 -3.84529 -3.77933 -3.34814 -2.60933 -1.66867 -0.661277 0.273915 1.02084 1.5073 1.71484 1.67542 1.45696 1.14245 0.809301 0.514491 0.28841 0.13705 0.0496292 0.00777795 -0.00691424 -0.00857137 -0.00586883 -0.00294305 -0.00107527 -0.000214591 5.41669e-05 7.87196e-05 4.39873e-05 1.54961e-05 2.70896e-06 -7.03334e-07 -7.87646e-07 -3.37098e-07 -7.59956e-08 3.08226e-09 1.04868e-08 4.58525e-09 9.4038e-10 -6.75703e-11 -1.22978e-10 -4.39746e-11 -5.95804e-12 1.70881e-12 1.16711e-12 2.79144e-13 3.13169e-15 -2.05863e-14 -6.92434e-15 -7.20074e-16 2.42614e-16 1.13865e-16 1.66643e-17 -1.94398e-18 -1.32289e-18 -2.11155e-19 1.27281e-20 1.12068e-20 1.65001e-21 -9.73989e-23 -6.93043e-23 -7.85617e-24 8.0456e-25 3.65131e-25 6.30114e-26 0 0 
0 0 3.78628e-26 2.55538e-25 6.5097e-25 -4.56435e-24 -4.8922e-23 -9.46662e-23 1.13742e-21 8.83121e-21 1.29511e-20 -1.66683e-19 -1.14819e-18 -1.89766e-18 1.48464e-17 1.08165e-16 2.40331e-16 -7.2592e-16 -7.18087e-15 -2.15731e-14 5.82353e-15 3.16554e-13 1.30597e-12 1.77127e-12 -7.6788e-12 -5.25113e-11 -1.39161e-10 -3.81922e-11 1.24479e-09 5.58883e-09 1.16567e-08 -1.93139e-09 -1.08851e-07 -4.32109e-07 -9.05976e-07 -4.15567e-07 4.85185e-06 2.22791e-05 5.68561e-05 8.60903e-05 3.35323e-06 -0.000459227 -0.00174966 -0.00426815 -0.00761112 -0.00906219 -0.00145744 0.0287736 0.101843 0.241283 0.465998 0.7786 1.15353 1.53045 1.818 1.91054 1.71514 1.18167 0.326003 -0.762386 -1.93257 -3.00166 -3.7939 -4.17843 -4.09588 -3.56765 -2.68683 -1.59536 -0.453629 0.589105 1.41788 1.96487 2.21169 2.18271 1.93303 1.53406 1.06012 0.577991 0.14007 -0.218469 -0.479324 -0.638723 -0.704056 -0.689775 -0.61379 -0.49472 -0.349976 -0.194141 -0.0387286 0.108023 0.240855 0.356859 0.455154 0.536063 0.600962 0.651577 0.68979 0.717392 0.735918 0.746564 0.750065 0.746564 0.735918 0.717392 0.68979 0.651577 0.600962 0.536063 0.455154 0.356859 0.240855 0.108023 -0.0387286 -0.194141 -0.349976 -0.49472 -0.61379 -0.689775 -0.704056 -0.638723 -0.479324 -0.218469 0.14007 0.577991 1.06012 1.53406 1.93303 2.18271 2.21169 1.96487 1.41788 0.589105 -0.453629 -1.59536 -2.68683 -3.56765 -4.09588 -4.17843 -3.7939 -3.00166 -1.93257 -0.762386 0.326003 1.18167 1.71514 1.91054 1.818 1.53045 1.15353 0.7786 0.465998 0.241282 0.101843 0.0287735 -0.00145748 -0.0090622 -0.00761112 -0.00426815 -0.00174966 -0.000459227 3.3535e-06 8.60903e-05 5.68561e-05 2.22792e-05 4.85185e-06 -4.15566e-07 -9.05977e-07 -4.32109e-07 -1.08851e-07 -1.93137e-09 1.16568e-08 5.58919e-09 1.24572e-09 -3.72358e-11 -1.38012e-10 -5.20908e-11 -7.61412e-12 1.75945e-12 1.29632e-12 3.14124e-13 5.74193e-15 -2.1423e-14 -7.1286e-15 -7.20144e-16 2.38765e-16 1.07409e-16 1.47371e-17 -1.88612e-18 -1.14042e-18 -1.65508e-19 1.28753e-20 8.77286e-21 1.12965e-21 -9.40917e-23 -4.85754e-23 -4.55454e-24 -3.47681e-25 1.62233e-25 0 0 
