<?xml version="1.0"?>
<VTKFile type="ImageData" version="0.1" byte_order="LittleEndian">
<ImageData WholeExtent="0 199 0 199 0 0" Origin="0 0 0" Spacing="15 15 0">
<Piece Extent="0 199 0 199 0 0">
<PointData Scalars="Amplitude">
<DataArray type="Float32" Name="Amplitude" format="ascii">
0 0 0 0 0 0 0 0 0 0 0 0 0 0 0 0 0 0 0 0 0 0 0 0 0 0 0 0 0 0 0 0 0 0 0 0 0 0 0 0 0 0 0 0 0 0 0 0 0 0 0 0 0 0 0 0 0 0 0 0 0 0 0 0 0 0 0 0 0 0 0 0 0 0 0 0 0 0 0 0 0 0 0 0 0 0 0 0 0 0 0 0 0 0 0 0 0 0 0 0 0 0 0 0 0 0 0 0 0 0 0 0 0 0 0 0 0 0 0 0 0 0 0 0 0 0 0 0 0 0 0 0 0 0 0 0 0 0 0 0 0 0 0 0 0 0 0 0 0 0 0 0 0 0 0 0 0 0 0 0 0 0 0 0 0 0 0 0 0 0 0 0 0 0 0 0 0 0 0 0 0 0 0 0 0 0 0 0 0 0 0 0 0 0 0 0 0 0 0 0 
0 0 0 0 0 0 0 0 0 0 0 0 0 0 0 0 0 0 0 0 0 0 0 0 0 0 0 0 0 0 0 0 0 0 0 0 0 0 0 0 0 0 0 0 0 0 0 0 0 0 0 0 0 0 0 0 0 0 0 0 0 0 0 0 0 0 0 0 0 0 0 0 0 0 0 0 0 0 0 0 0 0 0 0 0 0 0 0 0 0 0 0 0 0 0 0 0 0 0 0 0 0 0 0 0 0 0 0 0 0 0 0 0 0 0 0 0 0 0 0 0 0 0 0 0 0 0 0 0 0 0 0 0 0 0 0 0 0 0 0 0 0 0 0 0 0 0 0 0 0 0 0 0 0 0 0 0 0 0 0 0 0 0 0 0 0 0 0 0 0 0 0 0 0 0 0 0 0 0 0 0 0 0 0 0 0 0 0 0 0 0 0 0 0 0 0 0 0 0 0 
0 0 9.27737e-11 3.07254e-10 5.47389e-10 -4.94488e-09 -4.53148e-08 -2.03727e-07 -5.30769e-07 -2.48644e-07 5.25856e-06 3.16258e-05 0.000115821 0.000318697 0.000695958 0.00121688 0.0016543 0.00154501 0.000350898 -0.00215858 -0.00551305 -0.00850019 -0.00968401 -0.00825503 -0.00462906 -0.000309296 0.00294737 0.00408781 0.00323615 0.00146123 3.1939e-05 -0.000329655 0.000259494 0.00111179 0.00152964 0.0012518 0.000529518 -0.000137713 -0.000368507 -0.000117602 0.00035781 0.000709456 0.000722404 0.000417222 -3.3188e-06 -0.000299751 -0.000333476 -0.000123885 0.000187808 0.000429551 0.000487238 0.000348923 9.34605e-05 -0.000159212 -0.000305857 -0.000299527 -0.000158824 5.00108e-05 0.000245167 0.000360506 0.000365054 0.000266896 0.000103912 -7.26044e-05 -0.000214726 -0.000290118 -0.000287451 -0.000215231 -9.60539e-05 4.10499e-05 0.000167969 0.000262919 0.000313247 0.000315783 0.000275352 0.000202263 0.000109511 1.0278e-05 -8.39342e-05 -0.000164417 -0.000225673 -0.00026527 -0.000283335 -0.000281897 -0.00026421 -0.000234093 -0.00019543 -0.00015182 -0.00010634 -6.14468e-05 -1.89605e-05 1.98892e-05 5.43919e-05 8.42304e-05 0.000109358 0.000129911 0.000146137 0.00015834 0.000166816 0.000171803 0.00017345 0.000171803 0.000166816 0.00015834 0.000146137 0.000129911 0.000109358 8.42304e-05 5.43919e-05 1.98892e-05 -1.89605e-05 -6.14468e-05 -0.000106339 -0.000151819 -0.00019543 -0.000234092 -0.00026421 -0.000281897 -0.000283335 -0.00026527 -0.000225672 -0.000164416 -8.39321e-05 1.02787e-05 0.000109511 0.000202264 0.000275354 0.000315786 0.000313247 0.000262911 0.000167954 4.10316e-05 -9.60731e-05 -0.000215246 -0.000287461 -0.000290123 -0.000214733 -7.26202e-05 0.000103885 0.00026686 0.000365017 0.00036047 0.000245132 4.99734e-05 -0.000158859 -0.000299559 -0.000305878 -0.000159223 9.34536e-05 0.000348919 0.000487235 0.000429549 0.000187819 -0.000123844 -0.000333387 -0.000299695 -3.63819e-06 0.000415629 0.000717814 0.000699336 0.00033947 -0.000145506 -0.000403867 -0.000173316 0.000505764 0.00125372 0.00156725 0.00118555 0.00035772 -0.000227898 0.000114872 0.00151044 0.00324891 0.00407147 0.002946 -0.000271906 -0.00455075 -0.0081488 -0.00957405 -0.00841093 -0.00545861 -0.00213889 0.000346354 0.00152975 0.00163862 0.00120563 0.000689633 0.000315841 0.000114794 3.13475e-05 5.21215e-06 -2.46856e-07 -5.26349e-07 -2.02008e-07 -4.49123e-08 -5.05685e-09 -5.66475e-10 1.8956e-10 0 0 
0 0 3.07254e-10 -1.658e-11 -3.57189e-09 -4.80333e-08 -2.52412e-07 -7.66488e-07 -7.73187e-07 5.95833e-06 4.31442e-05 0.000172442 0.00050618 0.00116721 0.00214242 0.00304822 0.00298848 0.00080164 -0.00417346 -0.0111811 -0.0177868 -0.0208595 -0.0184359 -0.0111721 -0.00217676 0.004792 0.00749517 0.00623869 0.00321855 0.000875399 0.000422084 0.00144566 0.0026293 0.00288334 0.00204592 0.000784123 -5.02271e-05 -4.82329e-05 0.000564011 0.00119938 0.0013652 0.000964759 0.000286282 -0.000245824 -0.000353769 -4.70151e-05 0.000430758 0.000776457 0.000801774 0.000513524 7.83991e-05 -0.000285236 -0.000419825 -0.000291519 1.45412e-05 0.000349536 0.000572208 0.000603238 0.000445094 0.000167635 -0.00012738 -0.000345515 -0.000428369 -0.000365152 -0.000187482 4.68455e-05 0.000273709 0.00043989 0.00051371 0.000488056 0.000377158 0.000209464 1.92689e-05 -0.000160786 -0.000305082 -0.000397703 -0.00043277 -0.000413062 -0.000347642 -0.000249168 -0.000131421 -7.34331e-06 0.000112276 0.000219342 0.000308676 0.000377776 0.000426321 0.000455624 0.00046811 0.000466807 0.000454921 0.000435587 0.000411685 0.000385726 0.000359774 0.000335451 0.000314016 0.000296462 0.000283481 0.000275521 0.000272842 0.000275521 0.000283481 0.000296462 0.000314016 0.000335451 0.000359774 0.000385726 0.000411685 0.000435587 0.000454921 0.000466807 0.000468111 0.000455626 0.000426323 0.000377776 0.000308677 0.000219343 0.000112277 -7.34031e-06 -0.000131416 -0.000249162 -0.000347636 -0.000413061 -0.00043277 -0.000397701 -0.000305075 -0.000160782 1.92563e-05 0.000209433 0.00037712 0.000488013 0.000513671 0.000439856 0.000273682 4.68164e-05 -0.000187528 -0.000365221 -0.000428449 -0.000345589 -0.00012744 0.00016758 0.000445035 0.000603179 0.000572154 0.000349497 1.45166e-05 -0.000291533 -0.000419833 -0.000285245 7.8392e-05 0.000513545 0.000801861 0.000776659 0.000430961 -4.74822e-05 -0.000356754 -0.000255027 0.000265229 0.000925612 0.00130437 0.0011207 0.000482624 -0.000105977 -5.36387e-05 0.000857614 0.00219791 0.00308866 0.00284266 0.00161917 0.000525042 0.000905695 0.00319895 0.00618094 0.00745118 0.00479214 -0.00210111 -0.0110126 -0.0182193 -0.0206367 -0.017608 -0.0110742 -0.0041361 0.000792298 0.00295989 0.00302003 0.00212299 0.00115678 0.00050171 0.000170933 4.27688e-05 5.90608e-06 -7.67034e-07 -7.60082e-07 -2.50443e-07 -4.93106e-08 -1.07745e-08 -5.97212e-10 0 0 
0 0 5.47389e-10 -3.57189e-09 -2.43833e-08 -1.90833e-07 -7.93855e-07 -1.74442e-06 1.33311e-06 3.06031e-05 0.000155306 0.000525477 0.00135268 0.00273581 0.0042865 0.00475441 0.00216203 -0.00509741 -0.0165063 -0.0283672 -0.0349483 -0.0318201 -0.0192072 -0.00253288 0.0106892 0.0154667 0.0120446 0.00496257 -0.000415897 -0.00131084 0.00135092 0.0044604 0.00537145 0.00363637 0.00083499 -0.000971806 -0.000793218 0.000806289 0.00238843 0.00277722 0.00179519 0.00020242 -0.000953992 -0.00104553 -0.000176993 0.000996024 0.00173559 0.00164877 0.000846007 -0.000197707 -0.000943717 -0.00106628 -0.000574485 0.000244569 0.000996965 0.00136675 0.00123303 0.000686299 -4.01845e-05 -0.00067826 -0.00102383 -0.000993908 -0.000632518 -7.55194e-05 0.000504525 0.000952443 0.00116808 0.00112128 0.000845945 0.000420278 -5.86031e-05 -0.000498207 -0.000827581 -0.00100582 -0.00102294 -0.000894838 -0.000655025 -0.00034578 -1.01236e-05 0.000314085 0.000597725 0.000821819 0.000977149 0.00106269 0.0010838 0.00104991 0.000972577 0.0008639 0.000735378 0.000597131 0.000457373 0.000322509 0.000197157 8.43905e-05 -1.39266e-05 -9.6939e-05 -0.000164355 -0.000216274 -0.000252994 -0.000274862 -0.00028213 -0.000274862 -0.000252994 -0.000216274 -0.000164355 -9.6939e-05 -1.39266e-05 8.43905e-05 0.000197157 0.000322509 0.000457373 0.00059713 0.000735381 0.000863907 0.000972581 0.00104991 0.0010838 0.00106269 0.000977154 0.000821828 0.000597736 0.000314098 -1.01156e-05 -0.00034578 -0.000655025 -0.000894835 -0.00102293 -0.00100583 -0.000827624 -0.000498266 -5.86678e-05 0.000420212 0.000845897 0.00112123 0.00116802 0.000952369 0.000504402 -7.56704e-05 -0.00063265 -0.000993994 -0.00102388 -0.000678324 -4.02544e-05 0.000686237 0.00123299 0.00136674 0.000996971 0.000244582 -0.000574478 -0.00106628 -0.0009437 -0.000197582 0.000846314 0.00164928 0.00173564 0.000993341 -0.000187604 -0.0010729 -0.00100923 0.000110728 0.00166908 0.00263773 0.00227803 0.000779605 -0.000691002 -0.000730344 0.00117615 0.00399586 0.00565755 0.00461129 0.00136062 -0.00139624 -0.000530229 0.0048621 0.0119118 0.0153342 0.010634 -0.00244222 -0.0189576 -0.0314675 -0.0345891 -0.0280898 -0.0163515 -0.00505269 0.00213999 0.00471001 0.00424748 0.00271132 0.00134072 0.00052088 0.000153957 3.0338e-05 1.32069e-06 -1.72998e-06 -7.8821e-07 -1.96141e-07 -4.93423e-08 -5.30024e-09 0 0 
0 0 -4.94488e-09 -4.80333e-08 -1.90833e-07 -7.96316e-07 -1.73448e-06 2.22358e-06 3.85221e-05 0.000196087 0.000673929 0.00175868 0.00357418 0.00551441 0.00565318 0.000955321 -0.0109242 -0.0287432 -0.0460366 -0.0533746 -0.0443483 -0.0210876 0.0057871 0.0237113 0.0263662 0.017062 0.00507028 -0.00146704 -0.000461001 0.00432405 0.00748354 0.0063552 0.0023469 -0.00108126 -0.0015272 0.000715805 0.00338394 0.00428419 0.00288226 0.00039396 -0.00137026 -0.00135173 0.000167391 0.00196544 0.00281052 0.00222711 0.000664557 -0.000907549 -0.00162833 -0.00120158 3.20914e-05 0.00136466 0.00212439 0.00198946 0.00108174 -0.00015426 -0.0011886 -0.00163382 -0.0013734 -0.000562392 0.000470988 0.00136539 0.00184875 0.00180814 0.0012958 0.000485983 -0.000392816 -0.00112607 -0.00156293 -0.00163877 -0.00137312 -0.000849232 -0.000185039 0.000495819 0.00108717 0.00151415 0.0017383 0.00175518 0.00158736 0.00127514 0.000867089 0.00041193 -4.74005e-05 -0.000476598 -0.000851554 -0.00115836 -0.00139171 -0.0015531 -0.00164901 -0.00168902 -0.00168418 -0.00164591 -0.00158499 -0.00151115 -0.00143264 -0.00135616 -0.00128697 -0.00122935 -0.00118622 -0.00115957 -0.00115059 -0.00115957 -0.00118622 -0.00122935 -0.00128697 -0.00135616 -0.00143264 -0.00151115 -0.00158499 -0.00164591 -0.00168418 -0.00168902 -0.00164901 -0.0015531 -0.00139171 -0.00115835 -0.000851551 -0.00047659 -4.73892e-05 0.000411944 0.000867104 0.00127515 0.00158736 0.00175518 0.0017383 0.00151416 0.00108716 0.000495766 -0.000185137 -0.000849328 -0.00137323 -0.00163887 -0.00156303 -0.00112618 -0.000392948 0.000485786 0.00129556 0.00180796 0.00184866 0.00136536 0.000470932 -0.000562491 -0.00137347 -0.00163386 -0.00118857 -0.00015419 0.00108181 0.0019895 0.0021244 0.00136471 3.23226e-05 -0.00120102 -0.00162749 -0.000907665 0.000659234 0.00220722 0.00276062 0.00186694 7.79245e-06 -0.00156454 -0.00159447 0.000235096 0.00287986 0.00450293 0.00381975 0.00127873 -0.000986366 -0.000707078 0.00248122 0.00627705 0.0072947 0.00413638 -0.000585875 -0.00153875 0.00496671 0.0168605 0.0261079 0.0235178 0.00579292 -0.020822 -0.0438792 -0.0528466 -0.0455993 -0.0284789 -0.0108275 0.000944267 0.00560138 0.00546508 0.00354267 0.00174336 0.000668111 0.000194406 3.81928e-05 2.20272e-06 -1.72811e-06 -8.20887e-07 -2.62675e-07 -4.96457e-08 0 0 
0 0 -4.53148e-08 -2.52412e-07 -7.93855e-07 -1.73448e-06 2.5988e-06 4.39419e-05 0.000230568 0.000816145 0.00218084 0.00449049 0.00686189 0.00642678 -0.00140799 -0.0201163 -0.0472809 -0.0718901 -0.0784439 -0.0576012 -0.015541 0.0274511 0.0502175 0.0454991 0.0237519 0.00335542 -0.00352877 0.00220787 0.0106994 0.0128254 0.00709675 -0.000961426 -0.00479951 -0.00233562 0.00322782 0.00688595 0.00600286 0.00185609 -0.00203797 -0.00290499 -0.000577571 0.00283346 0.00477201 0.00402409 0.00129283 -0.00155102 -0.00280212 -0.00191085 0.000379163 0.00264368 0.00364929 0.00296523 0.00105496 -0.00108505 -0.0024709 -0.00256847 -0.00145268 0.00031852 0.00200141 0.00297669 0.00295393 0.00201784 0.000537464 -0.000998754 -0.00214908 -0.0026372 -0.00239804 -0.00155672 -0.00036237 0.000892957 0.00194739 0.00261875 0.00282486 0.00257774 0.00196269 0.00110787 0.000153916 -0.000770012 -0.00156242 -0.00215647 -0.00252069 -0.00265435 -0.00257993 -0.00233423 -0.00196141 -0.00150601 -0.00100856 -0.000503331 -1.67055e-05 0.000432334 0.000832793 0.00117919 0.00147075 0.00170976 0.00190071 0.00204944 0.00216157 0.00224235 0.00229642 0.00232736 0.00233741 0.00232736 0.00229642 0.00224235 0.00216157 0.00204944 0.00190071 0.00170976 0.00147075 0.00117919 0.000832794 0.000432333 -1.67092e-05 -0.000503334 -0.00100856 -0.00150599 -0.00196139 -0.00233423 -0.00257992 -0.00265433 -0.00252068 -0.00215647 -0.00156242 -0.000770001 0.000153937 0.00110788 0.00196263 0.00257759 0.00282469 0.00261856 0.00194719 0.000892764 -0.000362575 -0.00155694 -0.00239833 -0.00263757 -0.00214933 -0.000998822 0.000537502 0.00201785 0.00295387 0.00297667 0.00200149 0.000318698 -0.00145248 -0.00256833 -0.00247083 -0.00108507 0.00105504 0.00296562 0.00365029 0.00264507 0.000378796 -0.00192069 -0.00283805 -0.00164002 0.00111933 0.00374759 0.00441256 0.00247155 -0.000803504 -0.00284193 -0.00159422 0.0026392 0.0069353 0.00769668 0.00369048 -0.00229157 -0.0050648 -0.00132691 0.00681175 0.0126821 0.0106402 0.00213692 -0.00354998 0.00325983 0.0234659 0.0450356 0.0497544 0.0272408 -0.0153354 -0.0570173 -0.0776942 -0.0712251 -0.046854 -0.0199392 -0.001398 0.00636888 0.00680143 0.00445146 0.00216208 0.000809177 0.00022861 4.35614e-05 2.54173e-06 -1.79786e-06 -8.13672e-07 -2.30358e-07 0 0 
0 0 -2.03727e-07 -7.66488e-07 -1.74442e-06 2.22358e-06 4.39419e-05 0.00024331 0.000898264 0.00248284 0.00523309 0.00801906 0.00694177 -0.00449157 -0.0313167 -0.0697871 -0.102902 -0.106812 -0.0682144 0.000450602 0.0645497 0.0910059 0.0729594 0.0330044 0.00261831 -0.00252731 0.00982543 0.0208335 0.0184587 0.00557788 -0.00602836 -0.00767607 -0.000511131 0.00739842 0.00906685 0.00404385 -0.00251215 -0.00502094 -0.00196081 0.00364249 0.00723856 0.00633827 0.00197024 -0.00257192 -0.00429068 -0.0023942 0.00153815 0.00487761 0.00565962 0.00360973 4.30965e-05 -0.00307038 -0.00421341 -0.00300428 -0.000207675 0.00278493 0.00465969 0.00471904 0.003067 0.000444132 -0.00214648 -0.00383467 -0.00415257 -0.00311876 -0.00114886 0.00113294 0.00310149 0.00429536 0.0045027 0.00376426 0.00231645 0.000503363 -0.00131467 -0.00283257 -0.00384458 -0.0042582 -0.00408446 -0.00341348 -0.00238275 -0.0011481 0.000142319 0.00136438 0.00242761 0.00327498 0.00388121 0.00424826 0.00439692 0.00435952 0.00417473 0.00388234 0.00351991 0.00312132 0.00271387 0.00231975 0.00195571 0.00163384 0.00136222 0.00114693 0.000991104 0.000896847 0.000865383 0.000896847 0.000991104 0.00114693 0.00136222 0.00163384 0.00195571 0.00231975 0.00271387 0.00312132 0.00351992 0.00388235 0.00417473 0.00435953 0.00439693 0.00424827 0.00388122 0.00327498 0.00242762 0.00136441 0.000142324 -0.0011481 -0.00238275 -0.00341347 -0.00408442 -0.00425827 -0.00384482 -0.00283288 -0.00131497 0.000502963 0.00231605 0.0037639 0.00450239 0.00429493 0.00310091 0.00113255 -0.00114886 -0.00311861 -0.00415245 -0.00383464 -0.00214637 0.000444451 0.00306739 0.00471935 0.00465983 0.00278491 -0.000207799 -0.00300429 -0.00421276 -0.00306865 4.55815e-05 0.00360928 0.00564327 0.00481727 0.001389 -0.00268332 -0.0047471 -0.00315489 0.00140372 0.00602363 0.00742282 0.00445068 -0.000640307 -0.00354258 -0.00133277 0.00459076 0.00894146 0.00685313 -0.00110886 -0.0080668 -0.00617891 0.00552548 0.0183421 0.0205983 0.00967257 -0.00255293 0.00253472 0.0326309 0.0722332 0.090157 0.0639893 0.00049931 -0.067548 -0.105822 -0.101971 -0.0691674 -0.0310435 -0.00445474 0.00688011 0.00794942 0.00518818 0.0024617 0.000890661 0.000241227 4.3491e-05 2.24365e-06 -6.75983e-07 -5.97611e-07 0 0 
0 0 -5.30769e-07 -7.73187e-07 1.33311e-06 3.85221e-05 0.000230568 0.000898264 0.00259205 0.00564567 0.00878459 0.00717288 -0.00771275 -0.0428841 -0.09342 -0.135312 -0.134255 -0.071886 0.0306772 0.119266 0.145662 0.106228 0.0425653 0.00334183 0.00494209 0.026385 0.0367818 0.024266 0.00141887 -0.0117578 -0.00743987 0.00553873 0.0128347 0.0081901 -0.0027684 -0.00964162 -0.0069566 0.00209287 0.00963083 0.0100474 0.00392245 -0.00340402 -0.00647046 -0.0035728 0.00265738 0.00768108 0.00828537 0.00440282 -0.00131678 -0.00545573 -0.00587082 -0.00267209 0.00217174 0.00609829 0.00727959 0.00536102 0.00139572 -0.0028194 -0.00559585 -0.00599501 -0.0040654 -0.000666434 0.00295806 0.00565126 0.00668233 0.00589229 0.00363773 0.00060342 -0.0024309 -0.00479369 -0.00605508 -0.00607429 -0.00497239 -0.00304988 -0.000699335 0.00168366 0.00376691 0.00531816 0.00621863 0.00644965 0.00607357 0.0052056 0.00398856 0.00256628 0.00107009 -0.000392414 -0.00174281 -0.00292847 -0.00392387 -0.00472133 -0.00533144 -0.00577344 -0.00607339 -0.0062585 -0.00635704 -0.00639561 -0.00639633 -0.00637699 -0.00635271 -0.00633377 -0.0063265 -0.00633377 -0.00635271 -0.00637699 -0.00639633 -0.00639561 -0.00635704 -0.0062585 -0.00607339 -0.00577344 -0.00533144 -0.00472133 -0.00392386 -0.00292846 -0.00174281 -0.000392413 0.00107007 0.00256629 0.00398865 0.00520565 0.00607356 0.00644962 0.00621863 0.00531818 0.00376682 0.00168331 -0.00069987 -0.00305048 -0.00497299 -0.006075 -0.00605569 -0.00479416 -0.00243144 0.000602601 0.00363713 0.00589244 0.00668272 0.00565159 0.00295826 -0.00066626 -0.00406502 -0.00599454 -0.00559556 -0.00281933 0.00139557 0.00536088 0.00727975 0.00609948 0.0021747 -0.00266778 -0.00587138 -0.00548123 -0.00141213 0.00416682 0.00782859 0.00696376 0.00175158 -0.0044292 -0.00689772 -0.00301995 0.00528082 0.0121489 0.0118674 0.00374138 -0.0063576 -0.0100483 -0.00369936 0.00731912 0.0123538 0.0054024 -0.00749803 -0.0119544 0.00106572 0.0238733 0.0363112 0.0260719 0.00486164 0.00327736 0.0421305 0.105219 0.144327 0.11821 0.030443 -0.0712063 -0.133041 -0.134112 -0.0926028 -0.0425139 -0.00764841 0.0071101 0.00870916 0.0055977 0.00257016 0.000890643 0.000228676 3.96262e-05 8.20002e-06 -6.60066e-08 0 0 
0 0 -2.48644e-07 5.95833e-06 3.06031e-05 0.000196087 0.000816145 0.00248284 0.00564567 0.00905135 0.00723593 -0.0101828 -0.0525472 -0.11446 -0.164857 -0.157412 -0.0671197 0.074811 0.189934 0.211593 0.142489 0.0507335 0.00593267 0.0206522 0.0530689 0.0582634 0.0300232 -0.00337601 -0.0139511 -0.000342649 0.0165309 0.017518 0.00251701 -0.013212 -0.0157827 -0.00484057 0.00842912 0.0127348 0.00601235 -0.00451091 -0.00962564 -0.00562104 0.00376352 0.0112136 0.0115868 0.00514912 -0.00336938 -0.008445 -0.00729352 -0.00114063 0.00607022 0.0102506 0.00937347 0.00421258 -0.00245193 -0.0074391 -0.00867638 -0.0059316 -0.00062831 0.00497145 0.0087623 0.00953351 0.00724568 0.00285275 -0.00216764 -0.00634539 -0.00863163 -0.00860999 -0.00648953 -0.0029361 0.00116728 0.00495074 0.00774061 0.00914964 0.00908871 0.00771973 0.00537393 0.00246443 -0.000597431 -0.00345616 -0.00585301 -0.00763056 -0.00872733 -0.00915889 -0.00899689 -0.00835112 -0.00734525 -0.00610058 -0.00472631 -0.00331536 -0.00193916 -0.000652305 0.000511741 0.00153321 0.00240404 0.00312378 0.00369915 0.00413562 0.0044411 0.0046219 0.00468144 0.0046219 0.0044411 0.00413562 0.00369915 0.00312378 0.00240404 0.00153321 0.000511741 -0.000652305 -0.00193917 -0.00331536 -0.00472629 -0.00610058 -0.00734526 -0.00835114 -0.00899692 -0.00915881 -0.00872721 -0.0076305 -0.005853 -0.00345613 -0.000597403 0.00246441 0.00537354 0.00771889 0.00908775 0.00914862 0.00773952 0.00494979 0.00116659 -0.00293676 -0.0064907 -0.0086108 -0.00863144 -0.00634469 -0.00216708 0.00285327 0.00724614 0.00953405 0.00876284 0.00497162 -0.000628123 -0.00593162 -0.00867658 -0.00743877 -0.00245005 0.00421714 0.00937995 0.0102501 0.00603233 -0.0012826 -0.00764647 -0.0091295 -0.00444384 0.00380003 0.0103341 0.0106413 0.00444196 -0.00348382 -0.00644451 -0.00126107 0.00824142 0.0133325 0.0075962 -0.0062844 -0.0169733 -0.0137684 0.00240651 0.0174255 0.0162053 -0.00082694 -0.0143707 -0.00363772 0.0295611 0.0575907 0.0525105 0.0204467 0.00588449 0.0502771 0.141201 0.209697 0.188258 0.0741758 -0.0665032 -0.15602 -0.163419 -0.113472 -0.0520979 -0.0100976 0.00717344 0.00897446 0.00559803 0.00246206 0.000810686 0.000202444 5.76876e-05 7.92481e-06 0 0 
0 0 5.25856e-06 4.31442e-05 0.000155306 0.000673929 0.00218084 0.00523309 0.00878459 0.00723593 -0.0111107 -0.0580682 -0.129037 -0.187323 -0.174249 -0.0560209 0.126931 0.269183 0.282511 0.177982 0.0565734 0.0114199 0.0455421 0.0888084 0.0827023 0.0345241 -0.00642695 -0.0080325 0.0166715 0.0321422 0.0199424 -0.00682118 -0.0224397 -0.0155417 0.00287489 0.0135443 0.00769872 -0.00707686 -0.0162232 -0.0117346 0.00217258 0.0141812 0.0156391 0.00663017 -0.00533613 -0.0116375 -0.00851595 0.00118171 0.010769 0.014362 0.0102297 0.00118315 -0.00761228 -0.0116816 -0.00938252 -0.00228901 0.00601315 0.0118118 0.012862 0.00906139 0.00217193 -0.00513229 -0.0103502 -0.0119726 -0.00978699 -0.00473634 0.00155724 0.00735976 0.0112983 0.0126262 0.0112829 0.00777685 0.00297584 -0.00215567 -0.00674954 -0.0101657 -0.0120525 -0.0123332 -0.0111672 -0.00885964 -0.0057945 -0.00235689 0.00110174 0.00430976 0.00707678 0.00929426 0.0109281 0.0119912 0.0125466 0.0126725 0.012464 0.012011 0.0114 0.0107059 0.00999439 0.00931892 0.0087218 0.00822954 0.00786397 0.00763927 0.00756262 0.00763927 0.00786397 0.00822954 0.0087218 0.00931892 0.00999439 0.0107059 0.0114 0.012011 0.0124639 0.0126725 0.0125466 0.0119912 0.0109281 0.00929422 0.0070768 0.00430986 0.00110179 -0.00235688 -0.00579441 -0.00885954 -0.0111671 -0.0123335 -0.0120534 -0.010167 -0.00675103 -0.00215718 0.00297458 0.00777588 0.0112819 0.0126248 0.0112969 0.00735977 0.00155825 -0.00473551 -0.00978595 -0.0119716 -0.0103497 -0.00513156 0.00217213 0.00906153 0.0128622 0.0118113 0.00601327 -0.00228683 -0.00937656 -0.0116727 -0.00761249 0.00113168 0.0100331 0.0138651 0.00979664 -0.000352973 -0.0104444 -0.0134144 -0.0061034 0.00769796 0.0188094 0.0187855 0.00673331 -0.00879349 -0.0156849 -0.00849912 0.00560155 0.0119801 0.00224779 -0.0156329 -0.0226093 -0.0073166 0.0193289 0.0317216 0.0164978 -0.00816831 -0.00651676 0.0340619 0.0818234 0.0879365 0.0451309 0.0113653 0.0561271 0.176445 0.280038 0.266832 0.125836 -0.0555221 -0.172737 -0.185711 -0.127935 -0.057576 -0.0110181 0.00717404 0.00871053 0.00519047 0.00217 0.000697584 0.00023388 4.63173e-05 0 0 
0 0 3.16258e-05 0.000172442 0.000525477 0.00175868 0.00449049 0.00801906 0.00717288 -0.0101828 -0.0580682 -0.134254 -0.199433 -0.184159 -0.0435504 0.176794 0.345361 0.349756 0.208708 0.0594463 0.0200087 0.078472 0.130434 0.106526 0.0366218 -0.00562178 0.00872464 0.0436919 0.0502114 0.0197018 -0.0155331 -0.0234389 -0.00441055 0.015228 0.0135937 -0.00660449 -0.0247662 -0.0242207 -0.00659088 0.0122775 0.0176023 0.00740389 -0.00794844 -0.015562 -0.00998028 0.00398819 0.0160969 0.0183577 0.00992908 -0.00331429 -0.0132611 -0.0145237 -0.00706638 0.00454108 0.0141262 0.0171548 0.0126347 0.00304512 -0.00727166 -0.0141515 -0.0152367 -0.0105647 -0.00218668 0.00686281 0.0137115 0.01651 0.0147867 0.00935047 0.00184683 -0.00581925 -0.0119754 -0.0155015 -0.0159745 -0.0136103 -0.00909051 -0.00333704 0.00269469 0.00817319 0.0124891 0.0152933 0.0164967 0.0161984 0.0146301 0.0121006 0.00893826 0.00545611 0.0019214 -0.00146007 -0.004551 -0.00726034 -0.00955349 -0.0114276 -0.0129126 -0.0140499 -0.0148944 -0.0154969 -0.0159181 -0.0161936 -0.0163621 -0.0164526 -0.0164797 -0.0164526 -0.0163621 -0.0161936 -0.0159181 -0.0154969 -0.0148944 -0.0140499 -0.0129126 -0.0114276 -0.00955348 -0.00726033 -0.00455103 -0.00146011 0.00192142 0.00545609 0.0089384 0.0121008 0.0146303 0.0161986 0.0164967 0.0152933 0.0124888 0.0081722 0.00269283 -0.00333916 -0.00909259 -0.0136119 -0.0159757 -0.0155029 -0.0119771 -0.00582091 0.00184666 0.00935199 0.0147887 0.0165119 0.0137133 0.00686328 -0.00218637 -0.0105644 -0.015237 -0.0141515 -0.00727271 0.0030447 0.0126379 0.0171632 0.0141393 0.00454361 -0.00712926 -0.0147786 -0.0139203 -0.00462631 0.00783562 0.0157051 0.0136439 0.00294054 -0.00845999 -0.011116 -0.0015629 0.0136064 0.0214196 0.012716 -0.00875864 -0.0271121 -0.0267598 -0.00730786 0.0134993 0.0149308 -0.00510862 -0.0241593 -0.0159088 0.0196044 0.0500248 0.0431945 0.00849909 -0.0056734 0.0361924 0.105468 0.129201 0.0777809 0.0199144 0.0590386 0.206977 0.346759 0.342382 0.175269 -0.0431763 -0.182584 -0.197737 -0.133117 -0.05758 -0.0100986 0.00711311 0.00795833 0.00447923 0.00182471 0.000699024 0.000171055 0 0 
0 0 0.000115821 0.00050618 0.00135268 0.00357418 0.00686189 0.00694177 -0.00771275 -0.0525472 -0.129037 -0.199433 -0.18739 -0.0354197 0.212839 0.405517 0.404654 0.231923 0.059411 0.0305566 0.115612 0.172809 0.126002 0.0357357 0.000330029 0.036092 0.077427 0.0674744 0.0180956 -0.0175944 -0.0106716 0.0177457 0.0282702 0.00725152 -0.0239485 -0.035914 -0.0208226 0.00368592 0.0145724 0.00455405 -0.014229 -0.0235123 -0.0149169 0.00472547 0.0206047 0.0219239 0.00906739 -0.00813829 -0.0181283 -0.0151585 -0.00197939 0.0129734 0.0211406 0.0185245 0.007102 -0.00699627 -0.0170235 -0.0187947 -0.0121407 -0.000362806 0.0115798 0.0192468 0.0202301 0.0146692 0.00477259 -0.00619603 -0.0150771 -0.0196832 -0.0192307 -0.0142548 -0.0062505 0.00285688 0.011189 0.0173101 0.0204118 0.0203175 0.017386 0.0123079 0.00596199 -0.000780497 -0.00715774 -0.0126196 -0.016809 -0.019582 -0.0209548 -0.0210646 -0.0201283 -0.01838 -0.0160797 -0.0134529 -0.0107002 -0.00797373 -0.00538683 -0.00302311 -0.000936161 0.000841002 0.00228344 0.00340042 0.00419681 0.00467004 0.00482625 0.00467004 0.00419681 0.00340042 0.00228344 0.000841002 -0.000936161 -0.00302311 -0.00538683 -0.00797373 -0.0107002 -0.0134529 -0.0160797 -0.0183801 -0.0201283 -0.0210644 -0.0209545 -0.0195816 -0.0168087 -0.0126195 -0.00715787 -0.000780897 0.00596098 0.0123057 0.017383 0.0203146 0.0204096 0.0173086 0.0111874 0.00285467 -0.00625253 -0.014255 -0.0192282 -0.0196796 -0.0150737 -0.00619363 0.00477269 0.0146686 0.0202306 0.0192466 0.0115799 -0.000363447 -0.0121407 -0.0187893 -0.0170111 -0.00697769 0.00711011 0.018454 0.0208297 0.0121437 -0.00366752 -0.0178958 -0.0216458 -0.0114413 0.00760404 0.0238912 0.0265107 0.013229 -0.00671889 -0.0186031 -0.0138788 0.00151434 0.0107504 0.00119587 -0.021627 -0.036049 -0.0244311 0.00632281 0.0274651 0.0174349 -0.0107199 -0.0178829 0.0173803 0.0665649 0.0764316 0.0355962 0.00025015 0.0353624 0.124815 0.171219 0.114608 0.0303976 0.0590619 0.230064 0.40125 0.402054 0.211011 -0.0351277 -0.185806 -0.197753 -0.127955 -0.0521082 -0.00764429 0.006906 0.00687549 0.00371697 0.00163434 0.000476406 0 0 
0 0 0.000318697 0.00116721 0.00273581 0.00551441 0.00642678 -0.00449157 -0.0428841 -0.11446 -0.187323 -0.184159 -0.0354197 0.225995 0.4387 0.440365 0.246802 0.0575053 0.0410624 0.151563 0.210423 0.138383 0.0317373 0.0111434 0.0708844 0.11257 0.080835 0.0173268 -0.00820453 0.0171912 0.0468363 0.0378575 -0.00267735 -0.0341209 -0.030355 -0.00383697 0.0131751 0.00314008 -0.0224327 -0.0379945 -0.0288873 -0.00275796 0.0196107 0.0225677 0.00685215 -0.013296 -0.0222869 -0.0142141 0.0045735 0.021296 0.0256961 0.0158183 -0.00191591 -0.0174308 -0.0228467 -0.016158 -0.00136437 0.0142067 0.0237253 0.0235949 0.0144821 0.000382193 -0.0133648 -0.0221687 -0.0235968 -0.0177869 -0.00694919 0.00558604 0.016484 0.0232864 0.024809 0.0211914 0.0135967 0.00378657 -0.00634376 -0.0151721 -0.0215398 -0.0248679 -0.0250703 -0.0225149 -0.0178255 -0.0117358 -0.00497207 0.00181526 0.00812248 0.0136073 0.0180667 0.0214419 0.0237778 0.0251673 0.0257671 0.0257336 0.0252541 0.0244765 0.0235522 0.0225815 0.0216841 0.0209035 0.020308 0.019938 0.0198125 0.019938 0.020308 0.0209035 0.0216841 0.0225814 0.0235521 0.0244765 0.0252542 0.0257336 0.0257671 0.0251672 0.0237777 0.0214417 0.0180668 0.0136078 0.00812302 0.0018158 -0.00497203 -0.011736 -0.017826 -0.0225159 -0.0250726 -0.0248715 -0.0215439 -0.0151751 -0.00634559 0.00378451 0.0135938 0.021189 0.0248092 0.0232896 0.0164889 0.00559048 -0.00694669 -0.0177875 -0.0235987 -0.0221688 -0.013365 0.000382006 0.0144837 0.0235964 0.0237325 0.0142225 -0.00134136 -0.0161442 -0.0229209 -0.01779 -0.00290944 0.0137496 0.0222679 0.0168008 0.000240993 -0.0162819 -0.019974 -0.00585231 0.0177468 0.0331281 0.0259045 -0.0023896 -0.0328613 -0.042861 -0.0255031 0.00219357 0.0129545 -0.00455108 -0.0315295 -0.0349977 -0.00291561 0.0378105 0.0463917 0.0162902 -0.00915394 0.0165979 0.0797059 0.111243 0.0700626 0.0109774 0.0314513 0.137139 0.20855 0.15027 0.0408432 0.0572233 0.244881 0.436708 0.434988 0.224068 -0.0351372 -0.182618 -0.185757 -0.113502 -0.0425099 -0.00439455 0.00652366 0.00574784 0.00300926 0.00104787 0 0 
0 0 0.000695958 0.00214242 0.0042865 0.00565318 -0.00140799 -0.0313167 -0.09342 -0.164857 -0.174249 -0.0435504 0.212839 0.4387 0.452722 0.253872 0.0553637 0.0494372 0.181062 0.239376 0.143189 0.0251706 0.0247356 0.107619 0.143445 0.0884927 0.0195245 0.0136016 0.055863 0.0763625 0.042913 -0.00884132 -0.0277633 -0.00609414 0.0198362 0.0152592 -0.0174582 -0.0466467 -0.0462579 -0.0194489 0.00836542 0.0147003 -0.00157726 -0.0227105 -0.029061 -0.0146568 0.0100261 0.0277429 0.0273088 0.0102798 -0.0116258 -0.0249469 -0.0225692 -0.00683664 0.0130195 0.0265884 0.0276122 0.0163405 -0.00153699 -0.0181445 -0.0269399 -0.0251181 -0.0140842 0.00171871 0.0168168 0.0266128 0.0286568 0.0229526 0.0115917 -0.00224728 -0.0152307 -0.0246796 -0.0290435 -0.0279913 -0.0222356 -0.0131687 -0.00250825 0.00812487 0.0173836 0.0243433 0.0285498 0.0299516 0.0288092 0.0255829 0.0208359 0.0151275 0.00898344 0.0028263 -0.00300569 -0.00830168 -0.0129339 -0.0168615 -0.0200924 -0.0226756 -0.0246815 -0.0261971 -0.0272856 -0.0280561 -0.0285616 -0.0288342 -0.0289118 -0.0288342 -0.0285616 -0.0280561 -0.0272856 -0.0261971 -0.0246816 -0.0226757 -0.0200925 -0.0168615 -0.0129339 -0.00830171 -0.00300583 0.00282637 0.00898385 0.0151283 0.0208371 0.0255834 0.0288092 0.0299508 0.0285485 0.0243413 0.0173799 0.00811972 -0.00251277 -0.0131719 -0.0222385 -0.0279953 -0.0290465 -0.0246786 -0.0152263 -0.00224143 0.0115975 0.0229555 0.0286554 0.0266104 0.0168173 0.00171978 -0.0140841 -0.0251146 -0.0269351 -0.0181376 -0.00152158 0.0163651 0.0276304 0.0265163 0.0126315 -0.00795947 -0.0249816 -0.0290529 -0.0171568 0.0047622 0.024395 0.0301793 0.0189291 -0.00121876 -0.0157977 -0.0146634 -0.000962936 0.00982917 0.00237637 -0.0231825 -0.0473935 -0.0469824 -0.0184281 0.0138323 0.0189019 -0.00627402 -0.0278496 -0.0094684 0.0418521 0.0754147 0.0552215 0.0129606 0.0189656 0.0873441 0.141844 0.106447 0.0244583 0.0249888 0.141977 0.237305 0.179552 0.0491713 0.0551295 0.251931 0.448996 0.435019 0.211033 -0.0432005 -0.172798 -0.163472 -0.0925954 -0.0309291 -0.00114808 0.00590466 0.00419013 0.0018223 0 0 
0 0 0.00121688 0.00304822 0.00475441 0.000955321 -0.0201163 -0.0697871 -0.135312 -0.157412 -0.0560209 0.176794 0.405517 0.440365 0.253872 0.0544527 0.0540476 0.200216 0.258196 0.142526 0.0174493 0.0382516 0.1405 0.165605 0.0896464 0.0249745 0.0444648 0.0976777 0.100327 0.0452687 -0.00382712 -0.00129901 0.0309697 0.0406616 0.00874459 -0.0349849 -0.0506487 -0.0304454 -0.00151597 0.00549207 -0.0145084 -0.0400715 -0.0458433 -0.0249306 0.00745352 0.028344 0.0251281 0.00321947 -0.020022 -0.0284654 -0.0173347 0.0054577 0.0257557 0.0321828 0.0219492 0.00124172 -0.0192002 -0.0298298 -0.0265735 -0.0116925 0.00800077 0.0245499 0.0320778 0.0285505 0.0158672 -0.00138792 -0.0178602 -0.0290356 -0.0324335 -0.0278791 -0.0170614 -0.00287382 0.0115424 0.0234518 0.031 0.0334143 0.0308457 0.0241989 0.014759 0.0040091 -0.00675483 -0.0164585 -0.0243863 -0.0301149 -0.0335605 -0.0348698 -0.0343094 -0.0322819 -0.0291547 -0.0253203 -0.0211341 -0.0168389 -0.0127052 -0.00886612 -0.00544581 -0.00249333 -7.69134e-05 0.00182871 0.00317754 0.0039865 0.00424181 0.0039865 0.00317754 0.00182871 -7.69202e-05 -0.0024934 -0.00544593 -0.00886627 -0.0127052 -0.0168389 -0.0211341 -0.0253205 -0.0291549 -0.0322819 -0.0343088 -0.0348688 -0.0335594 -0.0301149 -0.024387 -0.0164598 -0.00675712 0.00400507 0.0147535 0.0241923 0.0308402 0.0334099 0.0309958 0.0234483 0.0115435 -0.00286814 -0.0170556 -0.0278741 -0.032429 -0.0290367 -0.0178632 -0.00138613 0.015872 0.0285524 0.0320821 0.0245569 0.00800519 -0.0116819 -0.0265481 -0.0298036 -0.0192602 0.000853134 0.020754 0.029504 0.0210462 -0.00110017 -0.0241616 -0.0325042 -0.0178352 0.0132937 0.0410632 0.0445617 0.01767 -0.0237094 -0.0514494 -0.0472049 -0.0189881 0.00410321 -0.00198601 -0.0316893 -0.0523332 -0.0359924 0.00859926 0.0405057 0.0301512 -0.00247664 -0.0047518 0.0446397 0.0995091 0.0963983 0.0436144 0.0243947 0.0885177 0.163822 0.139031 0.0378561 0.0173655 0.14137 0.25602 0.198579 0.053765 0.0542358 0.251942 0.436765 0.402136 0.175305 -0.0555547 -0.156069 -0.134084 -0.0689927 -0.0196565 0.000991348 0.00368429 0.00239084 0 0 
0 0 0.0016543 0.00298848 0.00216203 -0.0109242 -0.0472809 -0.102902 -0.134255 -0.0671197 0.126931 0.345361 0.404654 0.246802 0.0553637 0.0540476 0.20682 0.267235 0.139925 0.0105608 0.0492024 0.165588 0.177712 0.0850227 0.0320245 0.0777704 0.13434 0.115428 0.0481953 0.0153013 0.0403295 0.0703138 0.0537826 0.00155943 -0.0353551 -0.0285999 0.000552187 0.0111269 -0.0126015 -0.0488704 -0.0640708 -0.0453314 -0.00942613 0.0150967 0.0125371 -0.00963542 -0.0298705 -0.0306335 -0.0105633 0.016733 0.0336683 0.0304182 0.0100745 -0.0148708 -0.0305663 -0.0293736 -0.012928 0.00997483 0.0284938 0.0348426 0.027097 0.00908395 -0.011851 -0.0281664 -0.0347823 -0.0303161 -0.0169082 0.00103797 0.0183729 0.0308704 0.0360217 0.0332973 0.023935 0.0103239 -0.00473085 -0.0186381 -0.0294009 -0.0358481 -0.0376386 -0.0350756 -0.0290364 -0.0205415 -0.0107159 -0.000562628 0.00907562 0.0176437 0.0247629 0.0302977 0.0342404 0.0367404 0.0379969 0.0382932 0.0378443 0.0369049 0.0356755 0.0343603 0.0330705 0.0319899 0.0311354 0.0305943 0.0304 0.0305943 0.0311354 0.0319899 0.0330705 0.0343603 0.0356755 0.0369049 0.0378441 0.0382931 0.0379966 0.0367401 0.0342403 0.030298 0.0247637 0.017645 0.00907651 -0.000562758 -0.0107172 -0.0205435 -0.0290396 -0.0350808 -0.0376461 -0.0358567 -0.029408 -0.0186429 -0.00473314 0.0103255 0.023941 0.033303 0.0360247 0.0308748 0.0183734 0.00103491 -0.0169052 -0.0303091 -0.0347813 -0.0281657 -0.0118455 0.00908845 0.0271024 0.034868 0.0285309 0.00993778 -0.0132911 -0.0305802 -0.0334018 -0.0200559 0.00258644 0.0222306 0.0282298 0.018196 0.000183223 -0.0124716 -0.0105888 0.00318795 0.0148735 0.00907813 -0.0176323 -0.0506222 -0.0657738 -0.0494894 -0.0141062 0.00917958 -0.000539895 -0.0287299 -0.0355955 0.000565467 0.0525214 0.0694291 0.0396808 0.014297 0.0466816 0.113761 0.132514 0.0765948 0.0314123 0.0840025 0.175877 0.163935 0.0487297 0.0105786 0.138846 0.26503 0.20517 0.0537814 0.0551363 0.244915 0.401359 0.342508 0.125903 -0.0664777 -0.132957 -0.101773 -0.0467353 -0.0114967 -0.00044587 0.00192569 0 0 
0 0 0.00154501 0.00080164 -0.00509741 -0.0287432 -0.0718901 -0.106812 -0.071886 0.074811 0.269183 0.349756 0.231923 0.0575053 0.0494372 0.200216 0.267235 0.138621 0.00649461 0.0561364 0.181615 0.181805 0.0770533 0.0387318 0.10718 0.160293 0.121034 0.0534524 0.0454077 0.0868284 0.102432 0.0603024 0.00422518 -0.0114938 0.01263 0.030944 0.0107321 -0.033995 -0.0633579 -0.0551652 -0.0239738 -0.0022215 -0.0084248 -0.0329499 -0.0502116 -0.0420882 -0.0118487 0.0204882 0.0344572 0.0233587 -0.00297101 -0.0263867 -0.0325901 -0.0188753 0.00607991 0.0282839 0.0365044 0.0274993 0.00633321 -0.0170332 -0.0327908 -0.0351775 -0.0241502 -0.00456234 0.0164136 0.0319362 0.037731 0.0327979 0.019241 0.0011796 -0.0168253 -0.030819 -0.0382719 -0.0383369 -0.0317269 -0.0201904 -0.00600173 0.00852766 0.0214544 0.0314016 0.0376584 0.0400322 0.0388726 0.0347419 0.0284314 0.0207227 0.0123427 0.00391297 -0.00414808 -0.0114597 -0.0178629 -0.0232905 -0.0277254 -0.0312659 -0.034019 -0.0360849 -0.0375875 -0.0386504 -0.0393273 -0.0397076 -0.0398029 -0.0397076 -0.0393273 -0.0386504 -0.0375875 -0.036085 -0.034019 -0.031266 -0.0277255 -0.0232907 -0.0178634 -0.0114599 -0.00414809 0.00391361 0.0123439 0.0207244 0.0284326 0.0347414 0.0388705 0.040029 0.0376541 0.0313947 0.0214441 0.00851655 -0.00600879 -0.0201922 -0.0317249 -0.0383327 -0.0382669 -0.0308164 -0.0168218 0.00118492 0.0192418 0.0328007 0.037737 0.0319364 0.0164102 -0.00455893 -0.0241452 -0.0351724 -0.0327675 -0.0169869 0.00632196 0.027183 0.0353479 0.0254232 0.000617083 -0.0271056 -0.0420706 -0.0334398 -0.00275018 0.0340886 0.0543132 0.0427284 0.00395519 -0.0380386 -0.0561589 -0.0420537 -0.0145558 -0.00428488 -0.0247219 -0.0568771 -0.065559 -0.0352003 0.010584 0.0306093 0.0114736 -0.0128202 0.00336898 0.0595939 0.101243 0.085157 0.0438014 0.0521222 0.119287 0.158241 0.10574 0.0380917 0.076148 0.180002 0.179867 0.0556409 0.00659172 0.1376 0.265068 0.198642 0.0492043 0.0572371 0.230145 0.346941 0.267039 0.0743551 -0.0710336 -0.105711 -0.0715951 -0.0303078 -0.00922435 -0.000515059 0 0 
0 0 0.000350898 -0.00417346 -0.0165063 -0.0460366 -0.0784439 -0.0682144 0.0306772 0.189934 0.282511 0.208708 0.059411 0.0410624 0.181062 0.258196 0.139925 0.00649461 0.0584828 0.189186 0.181794 0.0690491 0.0437519 0.128891 0.174379 0.118995 0.0605256 0.0790234 0.127367 0.122609 0.0650825 0.0223624 0.0314464 0.058293 0.0510059 0.00447934 -0.0400181 -0.0465415 -0.0218723 -0.00245202 -0.0138884 -0.047214 -0.0714458 -0.0640906 -0.0297725 0.00631426 0.0203596 0.00743161 -0.0176592 -0.0336171 -0.0280368 -0.00433261 0.0225389 0.0367869 0.0309881 0.00922975 -0.0165417 -0.0335217 -0.0343159 -0.0195525 0.00360095 0.0253213 0.0373494 0.0358992 0.0223564 0.00185211 -0.018876 -0.033929 -0.0396176 -0.0352624 -0.0226985 -0.00544999 0.0125379 0.0276469 0.0374179 0.040732 0.0377331 0.0294948 0.0176965 0.00420105 -0.00929833 -0.021403 -0.0311831 -0.0381503 -0.0421678 -0.0434821 -0.0423979 -0.0394919 -0.0352124 -0.030095 -0.0245447 -0.0189627 -0.013604 -0.00867404 -0.00429686 -0.000537955 0.00255406 0.0049127 0.00661628 0.0076227 0.00793826 0.0076227 0.00661628 0.00491271 0.00255408 -0.000538051 -0.00429688 -0.00867429 -0.0136042 -0.018963 -0.0245452 -0.030095 -0.0352124 -0.0394914 -0.042396 -0.0434801 -0.0421667 -0.038152 -0.0311863 -0.0214066 -0.00930346 0.00419114 0.017683 0.0294846 0.03773 0.0407351 0.0374217 0.027651 0.0125418 -0.00544552 -0.0226913 -0.0352564 -0.0396156 -0.0339256 -0.0188754 0.00184838 0.0223565 0.0359027 0.0373552 0.025344 0.00364939 -0.019537 -0.0345657 -0.0345674 -0.0192904 0.0037215 0.0222877 0.0261877 0.0137743 -0.00586354 -0.0181335 -0.012878 0.00715969 0.0264301 0.0267511 0.00103965 -0.0394644 -0.0710551 -0.0739014 -0.0480403 -0.0157296 -0.00488077 -0.0232298 -0.0467273 -0.0404279 0.00320122 0.0496236 0.0574537 0.0306608 0.0210063 0.0633133 0.121037 0.126046 0.0776167 0.0593838 0.117345 0.172227 0.127262 0.0430565 0.0682469 0.180031 0.187411 0.0580161 0.0066251 0.138914 0.256129 0.179663 0.0408932 0.0591106 0.207151 0.280357 0.188613 0.0306803 -0.0677085 -0.0788701 -0.0486446 -0.0211076 -0.00525323 0 0 
0 0 -0.00215858 -0.0111811 -0.0283672 -0.0533746 -0.0576012 0.000450602 0.119266 0.211593 0.177982 0.0594463 0.0305566 0.151563 0.239376 0.142526 0.0105608 0.0561364 0.189186 0.181297 0.0641004 0.0466254 0.142141 0.179164 0.112473 0.0675566 0.108726 0.155286 0.130999 0.0720192 0.0534739 0.0806989 0.0952922 0.0609149 0.00608598 -0.0193263 -0.00500831 0.0142477 0.00332791 -0.0358701 -0.0705266 -0.0728951 -0.0456223 -0.0154403 -0.00685278 -0.022146 -0.0428933 -0.0473748 -0.0280031 0.00447729 0.0303453 0.0349992 0.017725 -0.00952754 -0.0304557 -0.0339682 -0.0190916 0.00568972 0.0280368 0.0379049 0.0317497 0.0129378 -0.0105785 -0.0299103 -0.03869 -0.0347159 -0.0201295 8.20469e-05 0.0199632 0.0343564 0.0402653 0.0370365 0.0261345 0.0103036 -0.00705457 -0.0228723 -0.0348497 -0.0416124 -0.0428701 -0.0390895 -0.0313331 -0.0208834 -0.0091043 0.00278297 0.0138407 0.0234382 0.0311818 0.0369705 0.0408687 0.0430156 0.0437548 0.04336 0.0421878 0.0405266 0.0386126 0.0366755 0.0348895 0.0333477 0.0321915 0.0314558 0.0311867 0.0314558 0.0321915 0.0333477 0.0348897 0.0366758 0.0386126 0.0405265 0.0421877 0.0433596 0.0437544 0.0430154 0.0408689 0.0369713 0.031184 0.0234404 0.0138406 0.00278119 -0.00910782 -0.0208885 -0.0313412 -0.0391025 -0.0428841 -0.0416197 -0.034848 -0.0228667 -0.00705093 0.0103065 0.0261395 0.0370446 0.0402735 0.0343592 0.0199629 8.23879e-05 -0.0201328 -0.0347164 -0.0386877 -0.0299038 -0.0105537 0.0129822 0.0317814 0.0377345 0.027152 0.00317856 -0.0244117 -0.0428137 -0.041877 -0.0199485 0.0140509 0.0432224 0.0509811 0.0312018 -0.00580496 -0.0380768 -0.0467995 -0.0320169 -0.0145483 -0.0183075 -0.0464424 -0.0747433 -0.0731461 -0.0374048 0.00307405 0.0138096 -0.00637626 -0.0207539 0.00522314 0.0600696 0.0937925 0.0788613 0.0518944 0.0706262 0.129345 0.153276 0.107066 0.0663588 0.110929 0.177016 0.140421 0.0459274 0.0633993 0.179592 0.187471 0.0557351 0.0106683 0.141503 0.237487 0.150423 0.030487 0.059195 0.176794 0.210132 0.118384 -0.000126354 -0.0590706 -0.0564765 -0.0315633 -0.0112456 0 0 
