<?xml version="1.0"?>
<VTKFile type="ImageData" version="0.1" byte_order="LittleEndian">
<ImageData WholeExtent="0 199 0 199 0 0" Origin="0 0 0" Spacing="15 15 0">
<Piece Extent="0 199 0 199 0 0">
<PointData Scalars="Amplitude">
<DataArray type="Float32" Name="Amplitude" format="ascii">
0 0 0 0 0 0 0 0 0 0 0 0 0 0 0 0 0 0 0 0 0 0 0 0 0 0 0 0 0 0 0 0 0 0 0 0 0 0 0 0 0 0 0 0 0 0 0 0 0 0 0 0 0 0 0 0 0 0 0 0 0 0 0 0 0 0 0 0 0 0 0 0 0 0 0 0 0 0 0 0 0 0 0 0 0 0 0 0 0 0 0 0 0 0 0 0 0 0 0 0 0 0 0 0 0 0 0 0 0 0 0 0 0 0 0 0 0 0 0 0 0 0 0 0 0 0 0 0 0 0 0 0 0 0 0 0 0 0 0 0 0 0 0 0 0 0 0 0 0 0 0 0 0 0 0 0 0 0 0 0 0 0 0 0 0 0 0 0 0 0 0 0 0 0 0 0 0 0 0 0 0 0 0 0 0 0 0 0 0 0 0 0 0 0 0 0 0 0 0 0 
0 0 0 0 0 0 0 0 0 0 0 0 0 0 0 0 0 0 0 0 0 0 0 0 0 0 0 0 0 0 0 0 0 0 0 0 0 0 0 0 0 0 0 0 0 0 0 0 0 0 0 0 0 0 0 0 0 0 0 0 0 0 0 0 0 0 0 0 0 0 0 0 0 0 0 0 0 0 0 0 0 0 0 0 0 0 0 0 0 0 0 0 0 0 0 0 0 0 0 0 0 0 0 0 0 0 0 0 0 0 0 0 0 0 0 0 0 0 0 0 0 0 0 0 0 0 0 0 0 0 0 0 0 0 0 0 0 0 0 0 0 0 0 0 0 0 0 0 0 0 0 0 0 0 0 0 0 0 0 0 0 0 0 0 0 0 0 0 0 0 0 0 0 0 0 0 0 0 0 0 0 0 0 0 0 0 0 0 0 0 0 0 0 0 0 0 0 0 0 0 
0 0 -1.0393e-09 -1.19477e-09 -2.56802e-09 -1.99936e-08 -3.59979e-08 -2.06053e-08 -4.04216e-08 -1.82973e-07 -3.87429e-07 -4.84199e-07 -3.11979e-07 -3.92195e-07 -1.61764e-06 -3.05139e-06 -3.0865e-06 -2.24231e-06 -2.29487e-06 -4.78651e-06 -8.57818e-06 -1.02353e-05 -9.09719e-06 -7.5724e-06 -8.29078e-06 -1.19396e-05 -1.60254e-05 -1.77503e-05 -1.66886e-05 -1.45911e-05 -1.4198e-05 -1.67275e-05 -2.09681e-05 -2.46243e-05 -2.57977e-05 -2.44927e-05 -2.24366e-05 -2.16871e-05 -2.3449e-05 -2.72252e-05 -3.13393e-05 -3.39895e-05 -3.41562e-05 -3.21705e-05 -2.92928e-05 -2.70401e-05 -2.6416e-05 -2.74216e-05 -2.92035e-05 -3.03753e-05 -2.96754e-05 -2.63914e-05 -2.05339e-05 -1.27555e-05 -3.99598e-06 4.8231e-06 1.31411e-05 2.08165e-05 2.8085e-05 3.54174e-05 4.32679e-05 5.1905e-05 6.12576e-05 7.09248e-05 8.01954e-05 8.82005e-05 9.4056e-05 9.69908e-05 9.64706e-05 9.2243e-05 8.4364e-05 7.31707e-05 5.92635e-05 4.3387e-05 2.63816e-05 9.11406e-06 -7.59462e-06 -2.30132e-05 -3.65514e-05 -4.77485e-05 -5.62641e-05 -6.18824e-05 -6.45681e-05 -6.44184e-05 -6.15912e-05 -5.62381e-05 -4.86492e-05 -3.93942e-05 -2.93998e-05 -1.97845e-05 -1.15431e-05 -5.23824e-06 -9.3944e-07 1.67603e-06 3.10807e-06 3.83927e-06 4.19939e-06 4.34592e-06 4.26387e-06 3.74953e-06 2.48127e-06 2.59178e-07 -2.61435e-06 -5.04403e-06 -5.30815e-06 -1.95814e-06 4.80375e-06 1.22356e-05 1.58516e-05 1.20378e-05 6.92041e-07 -1.45084e-05 -2.88725e-05 -4.00577e-05 -4.88179e-05 -5.65763e-05 -6.3004e-05 -6.64366e-05 -6.61216e-05 -6.28466e-05 -5.73529e-05 -4.92163e-05 -3.79267e-05 -2.40808e-05 -8.75503e-06 7.6293e-06 2.48576e-05 4.19714e-05 5.77019e-05 7.13761e-05 8.25805e-05 9.05454e-05 9.47017e-05 9.51959e-05 9.24218e-05 8.66879e-05 7.87095e-05 6.95756e-05 6.01205e-05 5.08894e-05 4.23822e-05 3.47595e-05 2.76164e-05 2.04865e-05 1.30159e-05 4.9027e-06 -3.791e-06 -1.24076e-05 -2.0035e-05 -2.5848e-05 -2.91449e-05 -2.9833e-05 -2.8668e-05 -2.69067e-05 -2.58649e-05 -2.64211e-05 -2.86272e-05 -3.1505e-05 -3.35278e-05 -3.33853e-05 -3.07165e-05 -2.65879e-05 -2.28356e-05 -2.11209e-05 -2.19088e-05 -2.39723e-05 -2.52702e-05 -2.41105e-05 -2.04924e-05 -1.62958e-05 -1.37924e-05 -1.4176e-05 -1.62334e-05 -1.72342e-05 -1.55853e-05 -1.161e-05 -8.03911e-06 -7.35057e-06 -8.87606e-06 -1.00197e-05 -8.40097e-06 -4.67068e-06 -2.22151e-06 -2.18024e-06 -3.02328e-06 -2.99567e-06 -1.58417e-06 -3.77138e-07 -3.01117e-07 -4.73794e-07 -3.79656e-07 -1.7862e-07 -3.89234e-08 -1.98465e-08 -3.44626e-08 -1.97673e-08 -5.50005e-09 -5.85772e-10 0 0 
0 0 -1.19477e-09 -7.91301e-09 -2.58728e-08 -4.14055e-08 -1.7271e-08 -8.79138e-08 -3.53632e-07 -5.01311e-07 -4.31732e-07 -5.17752e-07 -1.34239e-06 -3.49142e-06 -4.79056e-06 -3.14041e-06 -2.74086e-06 -6.90621e-06 -1.33284e-05 -1.76801e-05 -1.58662e-05 -1.21917e-05 -1.47245e-05 -2.32239e-05 -3.22609e-05 -3.56049e-05 -3.19556e-05 -2.77144e-05 -2.87449e-05 -3.62068e-05 -4.62847e-05 -5.24459e-05 -5.20998e-05 -4.7578e-05 -4.40149e-05 -4.61044e-05 -5.40295e-05 -6.43406e-05 -7.21928e-05 -7.42603e-05 -7.10495e-05 -6.57107e-05 -6.24287e-05 -6.38862e-05 -6.98183e-05 -7.77056e-05 -8.3753e-05 -8.4999e-05 -8.03444e-05 -7.07198e-05 -5.85679e-05 -4.64433e-05 -3.61815e-05 -2.80527e-05 -2.09278e-05 -1.27659e-05 -1.26891e-06 1.51774e-05 3.72287e-05 6.42646e-05 9.47193e-05 0.000126346 0.000156665 0.000183446 0.000204865 0.000219706 0.000227309 0.000227604 0.000220879 0.000207692 0.000188776 0.000165009 0.000137367 0.000106843 7.45137e-05 4.14558e-05 8.82009e-06 -2.23145e-05 -5.09001e-05 -7.60329e-05 -9.68835e-05 -0.00011277 -0.000123247 -0.000128157 -0.000127528 -0.000121433 -0.000110092 -9.41693e-05 -7.51655e-05 -5.53407e-05 -3.72425e-05 -2.27747e-05 -1.27863e-05 -6.98362e-06 -4.36169e-06 -3.67643e-06 -3.96772e-06 -4.76006e-06 -6.2047e-06 -8.88748e-06 -1.34327e-05 -1.96899e-05 -2.58572e-05 -2.82247e-05 -2.26419e-05 -7.61116e-06 1.26738e-05 2.85642e-05 2.97444e-05 1.22804e-05 -1.81397e-05 -5.03144e-05 -7.60742e-05 -9.48674e-05 -0.00011042 -0.000123864 -0.000132125 -0.000132435 -0.000125924 -0.000115152 -0.00010019 -7.95387e-05 -5.36507e-05 -2.49002e-05 5.49921e-06 3.77698e-05 7.10898e-05 0.000103283 0.000133205 0.000160682 0.00018469 0.000203532 0.000216528 0.000223514 0.000223573 0.000216041 0.00020142 0.000180517 0.000154105 0.000124063 9.29583e-05 6.30229e-05 3.63202e-05 1.47026e-05 -1.24292e-06 -1.24225e-05 -2.02707e-05 -2.70056e-05 -3.49627e-05 -4.52185e-05 -5.72932e-05 -6.94705e-05 -7.9197e-05 -8.377e-05 -8.23259e-05 -7.61757e-05 -6.82864e-05 -6.24056e-05 -6.09742e-05 -6.42092e-05 -6.95356e-05 -7.28339e-05 -7.08574e-05 -6.3043e-05 -5.27287e-05 -4.48194e-05 -4.2826e-05 -4.65169e-05 -5.11104e-05 -5.14624e-05 -4.52742e-05 -3.51928e-05 -2.77773e-05 -2.66809e-05 -3.10573e-05 -3.47859e-05 -3.15636e-05 -2.26996e-05 -1.4347e-05 -1.18752e-05 -1.55291e-05 -1.73457e-05 -1.3069e-05 -6.74311e-06 -2.64555e-06 -3.05662e-06 -4.69983e-06 -3.42537e-06 -1.30925e-06 -4.99968e-07 -4.1881e-07 -4.9105e-07 -3.47136e-07 -8.4196e-08 -1.6122e-08 -4.44949e-08 -2.36775e-08 -5.84732e-09 0 0 
0 0 -2.56802e-09 -2.58728e-08 -6.84766e-08 -2.51504e-08 7.9717e-09 -3.82269e-07 -8.00341e-07 -4.43022e-07 -1.87189e-07 -1.17488e-06 -4.23923e-06 -7.58028e-06 -4.31439e-06 7.54899e-07 -5.92391e-06 -1.96196e-05 -2.79806e-05 -2.32517e-05 -9.81158e-06 -1.04616e-05 -3.02411e-05 -5.09019e-05 -5.74875e-05 -4.56111e-05 -3.04069e-05 -3.10241e-05 -4.86122e-05 -7.21088e-05 -8.49575e-05 -7.91127e-05 -6.35084e-05 -5.23556e-05 -5.70486e-05 -7.74041e-05 -0.000101552 -0.000116967 -0.000116326 -0.000102932 -8.76584e-05 -8.103e-05 -8.88958e-05 -0.000108193 -0.000130184 -0.000145141 -0.000146413 -0.00013408 -0.000113063 -9.1326e-05 -7.5694e-05 -6.91728e-05 -7.05244e-05 -7.44495e-05 -7.44869e-05 -6.46424e-05 -4.15942e-05 -5.27036e-06 4.16861e-05 9.44616e-05 0.000147996 0.000197588 0.000240038 0.000273648 0.000298241 0.000314515 0.000323505 0.000326328 0.000323556 0.000315349 0.000301389 0.000281333 0.000254728 0.000221515 0.000182067 0.000137194 8.83926e-05 3.74384e-05 -1.34991e-05 -6.23267e-05 -0.000106952 -0.00014555 -0.000176456 -0.000198619 -0.000211482 -0.00021496 -0.000208885 -0.000193448 -0.000169903 -0.000141149 -0.000111407 -8.49424e-05 -6.46265e-05 -5.13158e-05 -4.41138e-05 -4.11935e-05 -4.07985e-05 -4.20439e-05 -4.53445e-05 -5.16989e-05 -6.15405e-05 -7.30278e-05 -8.0953e-05 -7.77362e-05 -5.79787e-05 -2.45899e-05 8.25757e-06 2.09625e-05 1.15452e-06 -4.61715e-05 -0.0001014 -0.000145435 -0.00017338 -0.000192968 -0.000210523 -0.000222098 -0.000219931 -0.000203565 -0.000179196 -0.000150055 -0.000113161 -6.72572e-05 -1.69786e-05 3.28439e-05 8.22748e-05 0.000131511 0.000176948 0.000215311 0.000247591 0.000274748 0.000295172 0.000308516 0.00031674 0.000320404 0.000317831 0.000308778 0.000293301 0.000269619 0.000236296 0.000194472 0.00014597 9.30195e-05 4.06961e-05 -5.3671e-06 -4.10474e-05 -6.3797e-05 -7.29968e-05 -7.24467e-05 -6.86029e-05 -6.72533e-05 -7.36728e-05 -8.95593e-05 -0.000111393 -0.000131976 -0.00014401 -0.000142762 -0.000127905 -0.000105982 -8.66039e-05 -7.8622e-05 -8.5394e-05 -0.000100894 -0.00011434 -0.000114927 -9.94884e-05 -7.5494e-05 -5.54294e-05 -5.08997e-05 -6.20182e-05 -7.75351e-05 -8.33689e-05 -7.06793e-05 -4.7393e-05 -2.98835e-05 -2.94183e-05 -4.45432e-05 -5.63733e-05 -4.99729e-05 -2.96389e-05 -1.01447e-05 -9.52424e-06 -2.28218e-05 -2.75151e-05 -1.92734e-05 -5.76104e-06 8.17139e-07 -4.21047e-06 -7.45256e-06 -4.16184e-06 -1.14111e-06 -1.71637e-07 -4.31301e-07 -7.86005e-07 -3.72142e-07 4.76949e-09 -3.01774e-08 -4.45574e-08 -2.15606e-08 0 0 
0 0 -1.99936e-08 -4.14055e-08 -2.51504e-08 -1.06724e-08 -5.00512e-07 -8.01602e-07 1.59495e-07 -2.75913e-07 -3.45205e-06 -5.67056e-06 -5.45488e-06 -1.52797e-07 8.42902e-07 -1.98865e-05 -3.64925e-05 -2.41831e-05 -5.26448e-06 -1.72658e-06 -3.2597e-05 -7.6641e-05 -8.06867e-05 -5.07921e-05 -2.33012e-05 -2.75756e-05 -7.15287e-05 -0.000115369 -0.000124747 -9.97684e-05 -6.25869e-05 -5.15165e-05 -7.94781e-05 -0.000128139 -0.000168871 -0.000175171 -0.000148943 -0.00011294 -9.34464e-05 -0.000108183 -0.000150453 -0.00019989 -0.000232643 -0.000233851 -0.000207603 -0.000168709 -0.000138103 -0.000130374 -0.000147725 -0.000182037 -0.000216395 -0.000235179 -0.000227496 -0.000191778 -0.000134743 -6.71864e-05 -1.79656e-06 5.32309e-05 9.42094e-05 0.00012363 0.000147694 0.000174045 0.00020993 0.000258893 0.000321475 0.000393983 0.000470249 0.000541904 0.000600715 0.000639407 0.000652624 0.000637708 0.000594234 0.000524774 0.000433286 0.000325544 0.000207656 8.63715e-05 -3.21504e-05 -0.000142339 -0.000240026 -0.000322005 -0.000385676 -0.00042944 -0.000453039 -0.000457619 -0.000443997 -0.000412898 -0.000365146 -0.000303983 -0.000235075 -0.000166856 -0.000106784 -5.98105e-05 -2.68561e-05 -6.38401e-06 4.42351e-06 7.06222e-06 1.56333e-06 -1.24392e-05 -3.22878e-05 -4.9622e-05 -5.0906e-05 -2.48182e-05 2.66302e-05 8.0704e-05 0.0001015 6.1773e-05 -3.43383e-05 -0.000151897 -0.000251021 -0.000317716 -0.000366099 -0.000413291 -0.000454939 -0.00047368 -0.000462879 -0.000432933 -0.000391487 -0.000332493 -0.000249127 -0.000147595 -3.85002e-05 7.63257e-05 0.000197692 0.000317473 0.000423821 0.000512937 0.000583122 0.000627939 0.000641799 0.000627923 0.000590872 0.000532945 0.00046085 0.000385682 0.000315131 0.0002531 0.000204809 0.000170884 0.000145685 0.000122015 9.39457e-05 5.4236e-05 -4.09548e-07 -6.48626e-05 -0.000131347 -0.000188538 -0.000224426 -0.000231934 -0.000213703 -0.000179631 -0.000144374 -0.00012645 -0.00013442 -0.000165015 -0.000203826 -0.000230057 -0.000228817 -0.000196314 -0.000147139 -0.000104701 -8.99168e-05 -0.000109688 -0.000146112 -0.000172707 -0.000166383 -0.000125389 -7.67983e-05 -4.92451e-05 -6.08053e-05 -9.82179e-05 -0.000122944 -0.000113171 -6.99031e-05 -2.66673e-05 -2.25258e-05 -4.97468e-05 -7.93506e-05 -7.54429e-05 -3.20161e-05 -1.56467e-06 -5.08449e-06 -2.37929e-05 -3.59633e-05 -1.95619e-05 9.06145e-07 -9.72697e-08 -5.35066e-06 -5.5741e-06 -3.39243e-06 -2.58656e-07 1.69695e-07 -7.92128e-07 -5.00231e-07 1.32551e-08 -9.76086e-09 -3.57505e-08 0 0 
0 0 -3.59979e-08 -1.7271e-08 7.9717e-09 -5.00512e-07 -8.22094e-07 4.8258e-07 -5.49971e-07 -5.71933e-06 -5.13399e-06 -7.13038e-07 -9.73451e-07 -7.15832e-06 -3.35133e-05 -4.27619e-05 -5.8706e-07 1.18967e-05 -3.08439e-05 -8.51681e-05 -0.000116901 -6.77947e-05 -2.98719e-06 -1.89512e-05 -8.9139e-05 -0.0001663 -0.000182549 -0.000119881 -5.80911e-05 -4.94259e-05 -0.000109613 -0.000203057 -0.000253225 -0.000237366 -0.000172466 -0.000110479 -0.000107547 -0.000165673 -0.000257474 -0.000331468 -0.000348111 -0.000309341 -0.000239709 -0.000185747 -0.000179251 -0.000225474 -0.000307075 -0.000385202 -0.000429664 -0.000421435 -0.00036483 -0.000282008 -0.000198901 -0.000141105 -0.000117524 -0.000125549 -0.000148814 -0.000165163 -0.000154942 -0.000102669 -5.83882e-06 0.000131117 0.000294329 0.000467375 0.000632536 0.000775336 0.000885967 0.000958331 0.000992132 0.000989055 0.000954172 0.00089178 0.000807984 0.000707363 0.000594384 0.000473413 0.000347329 0.000220236 9.50464e-05 -2.42817e-05 -0.000135328 -0.000234634 -0.000319776 -0.000387164 -0.000435172 -0.000462324 -0.000469057 -0.000454317 -0.000416186 -0.000353711 -0.000270687 -0.000176784 -8.56054e-05 -9.17359e-06 4.57141e-05 7.77074e-05 8.85088e-05 7.99326e-05 5.47742e-05 1.83844e-05 -1.49875e-05 -2.17357e-05 2.18067e-05 0.000118636 0.000234959 0.000305679 0.000273377 0.000132544 -5.844e-05 -0.000219742 -0.000313203 -0.000363188 -0.000413107 -0.000468867 -0.000498997 -0.000483395 -0.00044009 -0.000392688 -0.000336417 -0.000251981 -0.000143894 -3.19082e-05 7.94202e-05 0.000202376 0.000334257 0.00045984 0.000575292 0.000688199 0.000792551 0.000875293 0.000935008 0.000972371 0.000978317 0.000943459 0.000871885 0.000765285 0.000624047 0.000459089 0.000289195 0.00012867 -8.19862e-06 -0.00010335 -0.000152937 -0.000162581 -0.00014533 -0.000119923 -0.000111936 -0.000136429 -0.000193919 -0.000277805 -0.00036144 -0.000416344 -0.000423172 -0.000379319 -0.000300913 -0.000218856 -0.000173185 -0.0001799 -0.000233857 -0.000303651 -0.000342128 -0.00032572 -0.000252682 -0.000161344 -0.000103284 -0.000106043 -0.000167908 -0.000233526 -0.000250391 -0.000200551 -0.000106859 -4.59882e-05 -5.4436e-05 -0.00011668 -0.000178991 -0.000163301 -8.74186e-05 -1.82445e-05 -2.55862e-06 -6.65947e-05 -0.000115171 -8.38922e-05 -3.02885e-05 1.18815e-05 -4.90647e-07 -4.21694e-05 -3.30363e-05 -7.00406e-06 -9.03938e-07 -6.64732e-07 -5.04976e-06 -5.62826e-06 -5.29669e-07 4.71882e-07 -7.91629e-07 -4.7406e-07 -1.01282e-07 -6.11507e-09 0 0 
0 0 -2.06053e-08 -8.79138e-08 -3.82269e-07 -8.01602e-07 4.8258e-07 -7.00886e-07 -7.37497e-06 -3.65308e-06 5.62783e-06 -7.78555e-06 -2.31154e-05 -3.44743e-05 -3.0921e-05 2.78092e-05 6.30679e-06 -0.000114625 -0.000139356 -8.64809e-05 2.95118e-06 3.89789e-05 -0.000108474 -0.000247046 -0.000246968 -0.000152872 -2.19387e-05 -2.22639e-05 -0.000162401 -0.000305562 -0.000373291 -0.000297714 -0.000156948 -8.3182e-05 -0.000120392 -0.000271403 -0.000430556 -0.000499664 -0.000457502 -0.000328785 -0.000215381 -0.000186904 -0.000266285 -0.000425018 -0.000577205 -0.000664404 -0.000647976 -0.000544599 -0.000410848 -0.000300482 -0.000265481 -0.000310299 -0.0004157 -0.000534683 -0.000615481 -0.000625994 -0.000546013 -0.000389958 -0.000180954 4.39642e-05 0.00025345 0.000427662 0.000556417 0.000648722 0.000715812 0.000777624 0.000846943 0.000935279 0.00104281 0.0011634 0.00128567 0.00139259 0.00146971 0.00150057 0.00147763 0.00139373 0.00125212 0.00105669 0.000818505 0.00054939 0.000265132 -1.97682e-05 -0.000292498 -0.000541078 -0.000755172 -0.000925414 -0.00105023 -0.00112748 -0.00115598 -0.00112982 -0.00105074 -0.000926194 -0.00077851 -0.000631884 -0.000510504 -0.000427605 -0.000391392 -0.000400312 -0.000445695 -0.000502173 -0.00052879 -0.000478505 -0.000333339 -0.000134989 1.0494e-05 -9.1198e-06 -0.000230447 -0.000566301 -0.00086692 -0.00103286 -0.00108916 -0.00112178 -0.00116873 -0.0011776 -0.00109498 -0.000936088 -0.000756321 -0.000563208 -0.000324369 -3.61798e-05 0.00025751 0.00052833 0.000787691 0.00103425 0.00123401 0.00136559 0.0014452 0.0014756 0.00144606 0.00136244 0.00125729 0.00114218 0.00102088 0.000912181 0.000830662 0.000765998 0.000703342 0.000640014 0.000553637 0.000424856 0.000251602 4.72101e-05 -0.000176129 -0.000385073 -0.000537643 -0.000616543 -0.000608402 -0.000527428 -0.000408904 -0.00030537 -0.000258169 -0.000289998 -0.000401235 -0.000534551 -0.000636547 -0.000655116 -0.000568873 -0.00041551 -0.000256671 -0.000177622 -0.000206895 -0.000322207 -0.000450865 -0.000492221 -0.000423522 -0.000265271 -0.00011571 -7.97071e-05 -0.00015276 -0.000292649 -0.000368145 -0.000301386 -0.000160032 -2.06319e-05 -2.06935e-05 -0.000150083 -0.000243228 -0.000243525 -0.00010689 3.86335e-05 3.06852e-06 -8.52552e-05 -0.000137487 -0.000113055 6.39148e-06 2.758e-05 -3.04737e-05 -3.39877e-05 -2.27749e-05 -7.64125e-06 5.60853e-06 -3.58233e-06 -7.28898e-06 -6.72881e-07 5.15849e-07 -8.79811e-07 -4.43427e-07 -5.02904e-08 0 0 
0 0 -4.04216e-08 -3.53632e-07 -8.00341e-07 1.59495e-07 -5.49971e-07 -7.37497e-06 -2.78776e-06 9.95656e-06 -1.79652e-05 -4.05091e-05 -1.04919e-05 -4.57705e-06 1.41663e-05 -3.89402e-05 -0.000207409 -0.000121859 6.57864e-05 3.97561e-05 -7.30502e-05 -0.000314766 -0.000388169 -0.000129232 3.3779e-05 1.30078e-05 -0.00019794 -0.000485123 -0.000501598 -0.0003192 -0.000102541 -2.57095e-06 -0.000181879 -0.000457869 -0.000660759 -0.00067722 -0.000471258 -0.000247541 -0.000137172 -0.000230311 -0.000498481 -0.000767755 -0.000934295 -0.000901798 -0.00071287 -0.000487113 -0.000327401 -0.000339453 -0.000501198 -0.000758248 -0.00100411 -0.00113788 -0.00112558 -0.00095727 -0.000704113 -0.00043093 -0.000211488 -8.97923e-05 -6.3172e-05 -0.000114371 -0.000178956 -0.000210428 -0.000153308 1.56486e-05 0.000303404 0.000690314 0.00113743 0.00160454 0.00203795 0.00240293 0.00266145 0.0028012 0.00280938 0.00269325 0.00246437 0.0021403 0.00174716 0.00130374 0.000837614 0.00036608 -8.4527e-05 -0.000502421 -0.000870373 -0.00118431 -0.00143048 -0.00160716 -0.0017101 -0.00174625 -0.00171794 -0.00162337 -0.0014551 -0.00121458 -0.000919755 -0.000608806 -0.000328594 -0.000120147 -8.18027e-06 9.49162e-06 -3.69222e-05 -7.69184e-05 -2.5344e-05 0.000174796 0.00048501 0.000752877 0.000773183 0.000439721 -0.000153883 -0.00075474 -0.00114912 -0.00132839 -0.00144774 -0.00162036 -0.00178957 -0.0018344 -0.00173953 -0.00159835 -0.00145115 -0.00123751 -0.000904865 -0.000509733 -0.000107021 0.000317444 0.000797387 0.00127986 0.00171039 0.00208828 0.00242276 0.0026608 0.00276586 0.00275406 0.00262803 0.00237307 0.00200253 0.00157771 0.00112222 0.000673648 0.000288404 1.15698e-05 -0.00015552 -0.000214734 -0.000175436 -0.000105903 -5.64525e-05 -7.86523e-05 -0.000195683 -0.000419058 -0.000693655 -0.000945694 -0.0011175 -0.00112825 -0.000988397 -0.000742696 -0.000485912 -0.000321351 -0.000313772 -0.000476432 -0.000698079 -0.000886507 -0.000921813 -0.000756688 -0.000489418 -0.000220489 -0.000125305 -0.000238316 -0.000464844 -0.000671561 -0.00065511 -0.000450451 -0.00017404 2.49975e-06 -9.952e-05 -0.00031748 -0.000498485 -0.000479245 -0.000195013 1.28625e-05 3.33982e-05 -0.0001276 -0.000383258 -0.000310959 -7.22651e-05 3.91343e-05 6.48526e-05 -0.000120455 -0.000204846 -3.83794e-05 1.40878e-05 -4.43357e-06 -1.03087e-05 -3.99818e-05 -1.76825e-05 9.871e-06 -2.7486e-06 -7.2346e-06 -5.82413e-07 5.88609e-08 -4.57666e-07 -2.8083e-07 0 0 
0 0 -1.82973e-07 -5.01311e-07 -4.43022e-07 -2.75913e-07 -5.71933e-06 -3.65308e-06 9.95656e-06 -2.28137e-05 -5.13586e-05 2.48496e-05 1.83856e-05 -6.86466e-05 -8.75219e-05 -0.000194313 -3.25763e-05 0.000230287 -0.000112316 -0.000398399 -0.000394909 -0.000259634 0.000186609 0.000138742 -0.000349817 -0.000613233 -0.000682559 -0.000323698 9.12623e-05 3.27847e-05 -0.00027184 -0.000733296 -0.000963333 -0.000733685 -0.000376421 -4.88515e-05 -6.93423e-05 -0.000453431 -0.000896304 -0.00123449 -0.0012057 -0.000898594 -0.000521341 -0.000254458 -0.000323192 -0.000641444 -0.00110621 -0.00150855 -0.0016626 -0.00156582 -0.00122845 -0.000839171 -0.000524078 -0.000402735 -0.000515577 -0.000778166 -0.00111886 -0.00137602 -0.00147709 -0.00134988 -0.000999282 -0.000480595 0.000146817 0.000777678 0.00136449 0.00183855 0.00219908 0.00243639 0.00258001 0.0026568 0.00268808 0.00270376 0.00270014 0.00269201 0.00265447 0.00259381 0.00247782 0.0023095 0.00207183 0.00177397 0.00141786 0.00101959 0.000596599 0.000165821 -0.000248184 -0.000632169 -0.000956159 -0.00121821 -0.00140457 -0.00151867 -0.00152895 -0.00142572 -0.00119601 -0.000889779 -0.000569556 -0.000328155 -0.0002095 -0.000218599 -0.000266784 -0.000224091 4.23348e-05 0.000526645 0.00104601 0.00126835 0.000957839 0.000165656 -0.000725483 -0.00131542 -0.00147795 -0.00145097 -0.00148707 -0.00159589 -0.00155933 -0.00129682 -0.000936943 -0.00063341 -0.000323558 9.50941e-05 0.000583885 0.00100516 0.00135132 0.00170216 0.00203617 0.00226834 0.00240168 0.00252326 0.0026091 0.00263587 0.00262677 0.00264901 0.00264995 0.00260818 0.00253585 0.00241504 0.00217985 0.00181391 0.00135498 0.000777494 0.000139609 -0.000479576 -0.000985074 -0.00133869 -0.00146314 -0.00135085 -0.00109703 -0.000762962 -0.000497424 -0.000388879 -0.000513265 -0.00081876 -0.00120461 -0.00154424 -0.00163727 -0.0014887 -0.00109352 -0.000620201 -0.000300066 -0.00023899 -0.000506897 -0.000883595 -0.00119097 -0.00121722 -0.000884454 -0.000446373 -5.91116e-05 -3.68524e-05 -0.000364836 -0.000723899 -0.000959374 -0.000729953 -0.000265587 4.1373e-05 0.000101601 -0.000316183 -0.000672075 -0.000604461 -0.00034495 0.000136919 0.000184084 -0.000256482 -0.00039013 -0.000393584 -0.000110976 0.000227322 -3.23888e-05 -0.00019206 -8.64695e-05 -6.77904e-05 1.82373e-05 2.46249e-05 -5.07272e-05 -2.25247e-05 9.91614e-06 -3.5914e-06 -5.78726e-06 -1.09314e-07 -1.83803e-07 -4.30648e-07 0 0 
0 0 -3.87429e-07 -4.31732e-07 -1.87189e-07 -3.45205e-06 -5.13399e-06 5.62783e-06 -1.79652e-05 -5.13586e-05 4.19954e-05 2.88885e-05 -0.000179638 -9.57862e-05 -1.47736e-05 -3.01964e-07 0.000185825 -0.000389528 -0.000713734 -3.19614e-05 0.00016549 0.000199353 -0.00020244 -0.00104979 -0.000782983 -0.000183181 0.00016893 0.000258983 -0.000522184 -0.0011398 -0.00113492 -0.000777768 -2.86779e-05 0.000189428 -0.000194716 -0.000831166 -0.00153162 -0.00159066 -0.0011863 -0.000573512 -7.07988e-05 -0.000174998 -0.000661046 -0.0014178 -0.0020277 -0.00216777 -0.00191863 -0.00129985 -0.000743746 -0.000435816 -0.000528348 -0.00102441 -0.00165292 -0.00228298 -0.00260558 -0.00258413 -0.00220095 -0.00155678 -0.00086057 -0.000203027 0.000224608 0.000451168 0.000455037 0.000356233 0.000252069 0.000249768 0.000451453 0.000859811 0.00151507 0.00232097 0.0032458 0.00415527 0.00498751 0.00563796 0.00605372 0.00619736 0.0060416 0.00562086 0.00493667 0.00406742 0.0030315 0.00192558 0.000774497 -0.000334186 -0.0013905 -0.00232605 -0.0031295 -0.0037603 -0.00422951 -0.0045342 -0.00467322 -0.00461747 -0.00435648 -0.00392533 -0.00342166 -0.00297688 -0.00268039 -0.00252135 -0.00234133 -0.00194761 -0.00124127 -0.000416259 8.26288e-05 -0.000207886 -0.00134386 -0.00285656 -0.00403057 -0.00450064 -0.00450225 -0.0045222 -0.00471021 -0.00476427 -0.00440868 -0.00375166 -0.00308486 -0.00240644 -0.00151927 -0.00037253 0.000779896 0.00185374 0.00291248 0.00400248 0.00489693 0.00552453 0.00592568 0.0061272 0.00598879 0.00553511 0.00489695 0.00410539 0.00318808 0.00225182 0.00147891 0.000840165 0.000415841 0.00022639 0.000254361 0.000350331 0.000449905 0.000471858 0.000246453 -0.000185731 -0.000825158 -0.00151856 -0.00217875 -0.00256081 -0.0025832 -0.00227233 -0.00163144 -0.00098933 -0.000497266 -0.000402694 -0.000713203 -0.00128237 -0.00189081 -0.00213305 -0.00200695 -0.00139693 -0.00063382 -0.000153012 -4.89051e-05 -0.000555366 -0.00117483 -0.00157106 -0.00151028 -0.000817877 -0.000184897 0.000195528 -2.01001e-05 -0.000761286 -0.00112186 -0.00113162 -0.000519728 0.000257214 0.000167267 -0.000179993 -0.000772172 -0.00103584 -0.000199875 0.000196719 0.000163097 -3.20469e-05 -0.00070513 -0.000384676 0.000183502 -3.77211e-07 -1.46556e-05 -9.47494e-05 -0.000177505 2.86616e-05 4.14949e-05 -5.07394e-05 -1.76497e-05 5.45705e-06 -5.10014e-06 -3.08753e-06 -8.59949e-07 -3.49914e-07 0 0 
0 0 -4.84199e-07 -5.17752e-07 -1.17488e-06 -5.67056e-06 -7.13038e-07 -7.78555e-06 -4.05091e-05 2.48496e-05 2.88885e-05 -0.000231832 -7.57927e-05 0.00023146 -0.000128268 -0.000159618 -0.000415421 -0.000668181 0.000563722 0.000456722 -0.000661856 -0.000810504 -0.00116137 -0.000219895 0.000823717 3.8209e-05 -0.000676243 -0.00146444 -0.00156251 -0.000307619 0.000288327 0.000343666 -0.000372756 -0.00167544 -0.00198143 -0.00170338 -0.000776529 0.000173721 0.000130047 -0.000437221 -0.00161093 -0.0025258 -0.00266138 -0.00224624 -0.00121361 -0.000457915 -0.000179984 -0.000570739 -0.00158552 -0.00258289 -0.00342589 -0.00359221 -0.0032013 -0.00238856 -0.00140789 -0.000730131 -0.00037538 -0.000599037 -0.00113472 -0.00186978 -0.00252398 -0.00284285 -0.00276809 -0.0021345 -0.00113165 0.000248269 0.00173529 0.00324479 0.00459407 0.00569306 0.00651281 0.00697792 0.00718082 0.00706644 0.00677063 0.00623194 0.00559221 0.00480526 0.00396827 0.00306079 0.00213684 0.00120717 0.000298517 -0.00054895 -0.00134634 -0.00203108 -0.00263045 -0.00306411 -0.00338036 -0.00352546 -0.00356549 -0.00341023 -0.00309355 -0.00255081 -0.00192673 -0.0012837 -0.000765222 -0.000240899 0.000450749 0.00154626 0.00286127 0.00390214 0.00388911 0.00255139 0.000312516 -0.00171615 -0.00278336 -0.00292024 -0.00295479 -0.00332878 -0.00383908 -0.00386749 -0.00344375 -0.0029545 -0.00266945 -0.00222864 -0.00145298 -0.000523483 0.000252354 0.00103689 0.00200942 0.00301899 0.00386975 0.0046326 0.00547214 0.00616007 0.006646 0.00692348 0.0071051 0.00691868 0.00641605 0.00562476 0.00457254 0.00320375 0.00168863 0.000248036 -0.00112598 -0.00214642 -0.00274637 -0.00280259 -0.00250081 -0.0018287 -0.00107505 -0.000563641 -0.000350354 -0.000697375 -0.00139323 -0.0023711 -0.00315259 -0.00354367 -0.00338298 -0.00253565 -0.00155528 -0.000538523 -0.000132247 -0.000426405 -0.00118427 -0.0022036 -0.00263299 -0.00250477 -0.0015825 -0.000416581 0.000156054 0.000201082 -0.000767419 -0.00169445 -0.00196614 -0.00165963 -0.000351774 0.00035264 0.000285368 -0.000306075 -0.00155729 -0.00144998 -0.000669198 3.55189e-05 0.000810478 -0.000219037 -0.001148 -0.00080142 -0.000654441 0.000450258 0.000555575 -0.000660731 -0.000410689 -0.000157834 -0.00012675 0.000228705 -7.4994e-05 -0.000229159 2.85973e-05 2.46644e-05 -4.00845e-05 -7.85377e-06 -4.03996e-07 -5.73197e-06 -2.40969e-06 -2.69711e-07 0 0 
0 0 -3.11979e-07 -1.34239e-06 -4.23923e-06 -5.45488e-06 -9.73451e-07 -2.31154e-05 -1.04919e-05 1.83856e-05 -0.000179638 -7.57927e-05 0.000347035 -0.000298914 -0.000601727 3.75085e-05 -0.000217451 0.00053366 0.000229989 -0.00190189 -0.000875585 0.000183695 0.000375935 0.000880925 -0.00126143 -0.00218419 -0.00107588 -0.000409907 0.000999699 0.000520133 -0.00132516 -0.00205792 -0.00255788 -0.00129895 0.000266401 0.000514913 0.000206174 -0.00154966 -0.00289696 -0.00317179 -0.00269128 -0.00105177 -5.66913e-05 0.000258544 -0.000478084 -0.00213917 -0.00343922 -0.00441793 -0.0041691 -0.00319961 -0.00192713 -0.000717816 -0.000432638 -0.000722355 -0.00189708 -0.00324968 -0.00446928 -0.00522661 -0.00511233 -0.00445236 -0.00307509 -0.00160122 -5.79516e-05 0.0011553 0.00197084 0.00242115 0.00247473 0.00248099 0.00237388 0.0025542 0.00288585 0.00360099 0.00452136 0.00566477 0.00686282 0.00797326 0.00892648 0.00951349 0.00980666 0.00959901 0.0090717 0.00807195 0.00684882 0.00531101 0.00370717 0.00197269 0.00031843 -0.00127007 -0.0026401 -0.00381052 -0.00473828 -0.0054473 -0.00589095 -0.00603974 -0.00592434 -0.00558147 -0.00500466 -0.00401574 -0.00246555 -0.000405545 0.00149111 0.00224664 0.00107962 -0.00166099 -0.00463264 -0.00632655 -0.00640695 -0.00578601 -0.00553115 -0.00563756 -0.00528007 -0.00406489 -0.00249141 -0.00119149 8.41959e-05 0.00173853 0.00371512 0.00533057 0.00665569 0.00784355 0.00899833 0.0095248 0.00958732 0.00930699 0.00883377 0.00784719 0.00666017 0.00553292 0.00446214 0.00348752 0.00276434 0.00251697 0.002341 0.00240942 0.00245753 0.00244827 0.00196108 0.00116411 3.1088e-06 -0.00156127 -0.00303556 -0.00437087 -0.00505013 -0.00519878 -0.00442789 -0.00322065 -0.00188643 -0.000666842 -0.000357317 -0.000663006 -0.0018629 -0.00314756 -0.00413673 -0.00436405 -0.00338973 -0.00210106 -0.000424717 0.000293172 -3.983e-05 -0.00100908 -0.00265414 -0.00314913 -0.00286905 -0.00154012 0.000219665 0.000547501 0.000285304 -0.00128696 -0.00255387 -0.00206472 -0.00131101 0.000541881 0.00101313 -0.000400838 -0.00106414 -0.00215835 -0.00124906 0.000865328 0.000367021 0.000177649 -0.000867831 -0.00187984 0.000225763 0.000525474 -0.000215844 3.61784e-05 -0.000595109 -0.000295315 0.000342988 -7.51683e-05 -0.000177504 1.82745e-05 -1.06221e-05 -2.27323e-05 -6.45537e-07 -6.52172e-06 -4.28451e-06 -7.91042e-07 0 0 
0 0 -3.92195e-07 -3.49142e-06 -7.58028e-06 -1.52797e-07 -7.15832e-06 -3.44743e-05 -4.57705e-06 -6.86466e-05 -9.57862e-05 0.00023146 -0.000298914 -0.000802902 0.000573914 0.000297801 -0.000557585 -0.000243895 -0.00193596 -0.000235458 0.00205546 -0.000416387 -0.00102337 -0.00205717 -0.00225276 0.00115412 0.00111543 -3.90011e-05 -0.00125238 -0.0035647 -0.00212207 -0.000301899 0.000701848 0.00134595 -0.00110151 -0.00285629 -0.00370855 -0.00344187 -0.000988665 0.000260564 0.000908752 -0.000138133 -0.00256227 -0.00408234 -0.00526849 -0.00440696 -0.00276206 -0.00109006 0.000257355 -0.000218583 -0.00134719 -0.00355117 -0.00546238 -0.00655846 -0.00677423 -0.00555096 -0.00407348 -0.00208557 -0.000782896 -0.000103836 -0.000257506 -0.00123101 -0.0023267 -0.00365792 -0.00425465 -0.00441047 -0.00351155 -0.00191471 0.000419328 0.00322671 0.00610737 0.00904839 0.0114586 0.013554 0.0147858 0.015529 0.0153636 0.0146813 0.0132886 0.0114858 0.00926312 0.00679242 0.00420913 0.00154557 -0.000950259 -0.00339057 -0.0054875 -0.0074258 -0.00887569 -0.0100887 -0.0108164 -0.0114394 -0.0116963 -0.0118767 -0.0115819 -0.0109574 -0.00946915 -0.00715789 -0.00383359 -0.000519847 0.00167177 0.00112887 -0.00203617 -0.00659627 -0.00999416 -0.0112581 -0.0108639 -0.010792 -0.0113937 -0.0120455 -0.0113968 -0.0100289 -0.00862141 -0.00759174 -0.00588146 -0.00349218 -0.000851737 0.00140114 0.00386632 0.00662316 0.00922474 0.0112667 0.0129674 0.0145211 0.0152563 0.0152857 0.0145585 0.013472 0.0113527 0.00886711 0.00602231 0.00321264 0.000340216 -0.00197012 -0.00346842 -0.00439644 -0.00426969 -0.00358955 -0.00225007 -0.00119341 -0.000165626 1.75656e-06 -0.000741443 -0.0020437 -0.00402203 -0.00554156 -0.0067312 -0.00645551 -0.00538651 -0.00347619 -0.00126476 -0.000182185 0.000306257 -0.00101422 -0.00270544 -0.00434884 -0.00521969 -0.00405919 -0.00250366 -7.60269e-05 0.000925366 0.000288772 -0.000956581 -0.00341648 -0.00366069 -0.00283788 -0.0011027 0.00136239 0.000715804 -0.000273325 -0.00209056 -0.0035707 -0.0012594 -4.64671e-05 0.00109677 0.00113422 -0.00222622 -0.00203405 -0.00101303 -0.000414579 0.00202622 -0.000236679 -0.00191426 -0.000242909 -0.000552242 0.000293139 0.000565823 -0.000794097 -0.000295519 0.000228671 -9.46879e-05 -6.80464e-05 -4.68597e-06 -3.36409e-05 -7.66544e-06 -1.2901e-06 -4.6775e-06 -2.74545e-06 0 0 
0 0 -1.61764e-06 -4.79056e-06 -4.31439e-06 8.42902e-07 -3.35133e-05 -3.0921e-05 1.41663e-05 -8.75219e-05 -1.47736e-05 -0.000128268 -0.000601727 0.000573914 0.000512997 -0.00178272 -0.000474245 -7.39243e-05 -8.93864e-06 0.00209488 -0.00211181 -0.00334153 -6.73398e-05 -0.00019463 0.00211721 0.000553575 -0.00371739 -0.00260484 -0.00220064 0.000288027 0.00260865 -0.000251282 -0.00183221 -0.00414478 -0.00452622 -0.00127005 0.000133805 0.00181221 0.000549329 -0.00266037 -0.00436705 -0.00611496 -0.00449354 -0.00220383 -0.000188875 0.00130831 -0.000254778 -0.00213839 -0.00522496 -0.00724807 -0.00752835 -0.00683917 -0.00422114 -0.00231706 -0.000425911 -0.000197428 -0.00127712 -0.00310412 -0.00581794 -0.0075781 -0.00908008 -0.00881546 -0.00772623 -0.00548219 -0.00263523 0.000156217 0.00305182 0.00501139 0.00685167 0.00764043 0.00837665 0.00849905 0.00872259 0.00883678 0.00904752 0.00946321 0.00977145 0.010322 0.0104623 0.0107519 0.0104128 0.0101066 0.00911678 0.00812342 0.00659083 0.00512352 0.0033227 0.00166404 -4.21186e-05 -0.00146678 -0.00276432 -0.00390255 -0.00502185 -0.00605672 -0.00663523 -0.00626327 -0.00426731 -0.000534253 0.00437861 0.00853679 0.00993753 0.00731866 0.00202541 -0.00314631 -0.00550899 -0.00516672 -0.00415142 -0.00428386 -0.00499805 -0.00468571 -0.00297318 -0.00107864 8.4455e-06 0.00116415 0.00299025 0.00524002 0.00658856 0.00771786 0.00876986 0.0100604 0.0102654 0.0103373 0.0101591 0.0102184 0.00953862 0.00912066 0.00888534 0.00875527 0.0085081 0.0083268 0.0083673 0.00758972 0.00674763 0.00503594 0.00311117 0.000129541 -0.00259094 -0.00535766 -0.00766984 -0.00873637 -0.00892774 -0.00749745 -0.00578292 -0.00303307 -0.00125109 -0.00018182 -0.00031117 -0.00219782 -0.00413682 -0.00672528 -0.00746625 -0.00721219 -0.00512447 -0.00204617 -0.000194073 0.00137648 -0.000140105 -0.0021406 -0.00441227 -0.00609481 -0.00433995 -0.00259244 0.000585451 0.00185047 0.000155815 -0.00127539 -0.00448388 -0.00410318 -0.00181637 -0.000234472 0.00259132 0.000282165 -0.00216503 -0.00257917 -0.00366919 0.000540449 0.0020851 -0.00019822 -7.16944e-05 -0.0033035 -0.00208737 0.00206564 -1.24948e-05 -7.519e-05 -0.000471257 -0.00176255 0.00050611 0.000565873 -0.00059551 -0.000126835 -1.47769e-05 -8.69244e-05 1.42547e-05 -3.05844e-05 -3.45903e-05 1.98609e-06 -1.8042e-06 -4.14452e-06 0 0 
0 0 -3.05139e-06 -3.14041e-06 7.54899e-07 -1.98865e-05 -4.27619e-05 2.78092e-05 -3.89402e-05 -0.000194313 -3.01964e-07 -0.000159618 3.75085e-05 0.000297801 -0.00178272 -0.000488571 0.00201261 -0.000811538 -0.00047757 -0.00200269 -0.00331276 0.00309818 0.00163997 -0.00137827 -0.00157954 -0.00513597 -0.000867634 0.00257968 0.000754386 0.000745275 -0.00415236 -0.00540361 -0.00216336 -0.000930248 0.00284623 0.00149555 -0.00207438 -0.00407675 -0.00705675 -0.00459187 -0.00193314 0.00055777 0.00244096 -0.000362866 -0.00267552 -0.00657449 -0.00839662 -0.00742863 -0.00588394 -0.00192826 -0.000275295 0.000765146 -0.000670162 -0.00386245 -0.00671321 -0.010121 -0.0107997 -0.0108958 -0.00868046 -0.00592311 -0.00316872 -0.000514364 0.000303608 0.000856647 -0.000533851 -0.00164083 -0.00344499 -0.00436413 -0.00450641 -0.00365609 -0.00126246 0.00163732 0.00597022 0.00999386 0.0147468 0.0184436 0.0220519 0.0242338 0.0256655 0.025702 0.0247062 0.0226792 0.0196351 0.0161153 0.0118176 0.0076444 0.00299732 -0.00108042 -0.00536683 -0.00873528 -0.0121731 -0.0147625 -0.017717 -0.0198853 -0.0217519 -0.021279 -0.0186026 -0.0128903 -0.00685826 -0.00251226 -0.00332468 -0.00831122 -0.0153663 -0.0195603 -0.0202521 -0.018326 -0.0176293 -0.0177452 -0.0177511 -0.0150691 -0.0117113 -0.00832246 -0.00579948 -0.00172921 0.00296369 0.00783181 0.0114912 0.0155549 0.01946 0.0226395 0.024294 0.0252018 0.0254858 0.0240637 0.021629 0.0181245 0.0146652 0.00980613 0.00569518 0.00157388 -0.00125778 -0.00378382 -0.00455082 -0.00426409 -0.0034367 -0.00164711 -0.000386397 0.000970985 0.000358995 -0.000342076 -0.00301328 -0.0058835 -0.00860825 -0.0108318 -0.0108049 -0.0100298 -0.0065413 -0.0037506 -0.000542176 0.000877964 -0.000242618 -0.00182875 -0.00574675 -0.00736003 -0.00831965 -0.00648869 -0.00262007 -0.000285358 0.00248678 0.00058574 -0.00184941 -0.0045491 -0.007052 -0.00403888 -0.00206183 0.00154362 0.00289434 -0.000949122 -0.00216821 -0.00539181 -0.00414233 0.000801957 0.00076001 0.00255878 -0.00086523 -0.00507322 -0.00156711 -0.00136514 0.00160993 0.00305143 -0.0032794 -0.00198136 -0.000476317 -0.000803899 0.00198533 -0.00048571 -0.00176261 0.000293103 3.6137e-05 -0.0001581 -9.3918e-07 -0.000192361 -3.81404e-05 2.64326e-05 -4.28232e-05 -1.71822e-05 -3.85813e-06 -2.50584e-06 0 0 
0 0 -3.0865e-06 -2.74086e-06 -5.92391e-06 -3.64925e-05 -5.8706e-07 6.30679e-06 -0.000207409 -3.25763e-05 0.000185825 -0.000415421 -0.000217451 -0.000557585 -0.000474245 0.00201261 -0.00142206 -0.00326707 0.000593474 -0.00059998 0.00254083 0.00101023 -0.00621873 -0.00195707 -0.000537215 0.0011476 0.00411844 -0.00316711 -0.00466745 -0.00381175 -0.00320237 0.00349676 0.00217407 -0.000411111 -0.00298658 -0.00794771 -0.00476584 -0.00244153 0.000970839 0.00363001 -0.000326701 -0.00258863 -0.00747244 -0.00899509 -0.00669168 -0.00465497 0.000500635 0.00121889 0.00102045 -0.00198295 -0.00690476 -0.0094462 -0.0124244 -0.010841 -0.00896583 -0.00528133 -0.0018404 -0.000629088 0.000167519 -0.00259269 -0.00487058 -0.00894476 -0.0115167 -0.0132076 -0.0133829 -0.0111483 -0.00847221 -0.00343864 0.000752057 0.00625538 0.0102482 0.0144247 0.0172032 0.0193451 0.0207325 0.0210086 0.0212501 0.0201404 0.0194635 0.0173655 0.0159311 0.0131566 0.0110608 0.00784482 0.00524016 0.00190478 -0.000815174 -0.00387841 -0.00641514 -0.00898215 -0.0111856 -0.0133779 -0.0156228 -0.0175907 -0.0185675 -0.0168528 -0.01194 -0.00424237 0.0026575 0.00555881 0.00199686 -0.00540829 -0.0124987 -0.0150148 -0.01409 -0.0127344 -0.0136986 -0.0152091 -0.0149092 -0.0124453 -0.0101117 -0.00896919 -0.00729263 -0.00430518 -0.00054757 0.00183636 0.00456058 0.00739461 0.0110577 0.0128786 0.0152707 0.0169817 0.0193461 0.0197389 0.0207371 0.0208342 0.0206215 0.0190129 0.0170032 0.014459 0.0101619 0.00612022 0.000841923 -0.00334482 -0.00851396 -0.0110438 -0.0131891 -0.0131409 -0.0113747 -0.00870508 -0.00477892 -0.00254334 0.000271571 -0.000621174 -0.00180606 -0.00508399 -0.00879497 -0.0107095 -0.0122582 -0.00937504 -0.00683792 -0.00181349 0.00112538 0.00129047 0.000623152 -0.00459618 -0.00663417 -0.00889922 -0.00741974 -0.00252158 -0.000265662 0.0036314 0.00103517 -0.00237837 -0.00473913 -0.00790507 -0.0030019 -0.000405459 0.00224371 0.00352216 -0.00318079 -0.00382051 -0.00471823 -0.00314816 0.00404911 0.00112313 -0.000541961 -0.00194056 -0.00614561 0.000991702 0.00249987 -0.000600311 0.000579822 -0.00323296 -0.00140686 0.0019856 -0.000471153 -0.000552757 -0.000216012 -0.000411264 0.000182996 -3.22565e-05 -0.000205475 4.88698e-06 7.00467e-07 -3.66952e-05 -1.44325e-05 -1.31215e-06 0 0 
0 0 -2.24231e-06 -6.90621e-06 -1.96196e-05 -2.41831e-05 1.18967e-05 -0.000114625 -0.000121859 0.000230287 -0.000389528 -0.000668181 0.00053366 -0.000243895 -7.39243e-05 -0.000811538 -0.00326707 0.00228703 0.00210196 -0.00237063 -0.00107554 -0.00531345 -0.000179434 0.00532383 -0.000957521 -0.00109874 -0.00534832 -0.00588537 0.00260114 0.00166231 0.00238797 -0.00104995 -0.00812923 -0.00490448 -0.00411083 0.000902313 0.00462145 7.36722e-05 -0.00158469 -0.00791639 -0.00919834 -0.00596877 -0.00385558 0.00250865 0.00201945 0.000781053 -0.00332043 -0.00944857 -0.0106267 -0.012573 -0.00846008 -0.0049995 -0.00136296 0.00137159 -0.000692514 -0.00229277 -0.00813551 -0.0115486 -0.0152577 -0.016428 -0.0148171 -0.0128392 -0.00779276 -0.00483713 -0.0003144 0.00115451 0.00269519 0.00235215 0.00132685 0.000698176 -0.000613387 0.000348083 0.000701271 0.00401957 0.00663631 0.0116472 0.0156886 0.0207774 0.0246826 0.0281682 0.0305023 0.0313658 0.0313984 0.029453 0.0272314 0.0230463 0.0193578 0.0139989 0.00969625 0.00391213 -0.000583371 -0.0064426 -0.0107967 -0.0156613 -0.0171159 -0.0162534 -0.0101754 -0.00343441 0.00227657 0.000924125 -0.00513021 -0.0139587 -0.0178586 -0.0175339 -0.0137477 -0.0129362 -0.0128203 -0.0127475 -0.00825731 -0.00383388 0.000743932 0.00337585 0.00880664 0.0140484 0.0196016 0.0224776 0.0264493 0.0292963 0.0313254 0.0307042 0.0298195 0.027979 0.0244095 0.0201395 0.0152919 0.0115762 0.00635202 0.00364766 0.00066925 0.000364713 -0.000794459 0.000689724 0.00149869 0.00234162 0.00269971 0.00138903 -0.000165479 -0.00474637 -0.00751793 -0.0126305 -0.014778 -0.0163216 -0.015188 -0.0115719 -0.0079747 -0.00204265 -0.000533849 0.00156462 -0.00121548 -0.00495854 -0.00831443 -0.0123953 -0.0105444 -0.00931067 -0.00321944 0.000824291 0.00216166 0.00261837 -0.00381702 -0.00589132 -0.00914314 -0.00784978 -0.00148602 7.15309e-05 0.00464742 0.000941656 -0.00408197 -0.00482855 -0.00810944 -0.00109122 0.00240487 0.00165717 0.00266227 -0.00582271 -0.00528122 -0.00109387 -0.000951598 0.00524143 -0.000188184 -0.00525499 -0.00106941 -0.00234883 0.00207009 0.0022504 -0.00323312 -0.000804893 -7.59839e-05 -0.000242836 0.000525837 -0.000662119 -0.000385426 0.000227651 -0.000121959 -0.000113671 1.3091e-05 -2.89407e-05 -2.14338e-05 -4.1368e-06 0 0 
