<?xml version="1.0"?>
<VTKFile type="ImageData" version="0.1" byte_order="LittleEndian">
<ImageData WholeExtent="0 199 0 199 0 0" Origin="0 0 0" Spacing="15 15 0">
<Piece Extent="0 199 0 199 0 0">
<PointData Scalars="Amplitude">
<DataArray type="Float32" Name="Amplitude" format="ascii">
0 0 0 0 0 0 0 0 0 0 0 0 0 0 0 0 0 0 0 0 0 0 0 0 0 0 0 0 0 0 0 0 0 0 0 0 0 0 0 0 0 0 0 0 0 0 0 0 0 0 0 0 0 0 0 0 0 0 0 0 0 0 0 0 0 0 0 0 0 0 0 0 0 0 0 0 0 0 0 0 0 0 0 0 0 0 0 0 0 0 0 0 0 0 0 0 0 0 0 0 0 0 0 0 0 0 0 0 0 0 0 0 0 0 0 0 0 0 0 0 0 0 0 0 0 0 0 0 0 0 0 0 0 0 0 0 0 0 0 0 0 0 0 0 0 0 0 0 0 0 0 0 0 0 0 0 0 0 0 0 0 0 0 0 0 0 0 0 0 0 0 0 0 0 0 0 0 0 0 0 0 0 0 0 0 0 0 0 0 0 0 0 0 0 0 0 0 0 0 0 
0 0 0 0 0 0 0 0 0 0 0 0 0 0 0 0 0 0 0 0 0 0 0 0 0 0 0 0 0 0 0 0 0 0 0 0 0 0 0 0 0 0 0 0 0 0 0 0 0 0 0 0 0 0 0 0 0 0 0 0 0 0 0 0 0 0 0 0 0 0 0 0 0 0 0 0 0 0 0 0 0 0 0 0 0 0 0 0 0 0 0 0 0 0 0 0 0 0 0 0 0 0 0 0 0 0 0 0 0 0 0 0 0 0 0 0 0 0 0 0 0 0 0 0 0 0 0 0 0 0 0 0 0 0 0 0 0 0 0 0 0 0 0 0 0 0 0 0 0 0 0 0 0 0 0 0 0 0 0 0 0 0 0 0 0 0 0 0 0 0 0 0 0 0 0 0 0 0 0 0 0 0 0 0 0 0 0 0 0 0 0 0 0 0 0 0 0 0 0 0 
0 0 -8.26207e-10 -8.75852e-10 -9.40729e-10 -1.13964e-08 -2.60284e-08 -2.17719e-08 -2.70186e-08 -7.97462e-08 -2.04136e-07 -4.30752e-07 -4.13946e-07 -1.15235e-07 -5.35579e-07 -1.64819e-06 -2.49712e-06 -2.61885e-06 -1.69373e-06 -1.56408e-06 -3.69103e-06 -6.26218e-06 -7.68603e-06 -7.11027e-06 -5.51504e-06 -5.53319e-06 -7.58269e-06 -1.05527e-05 -1.27156e-05 -1.26404e-05 -1.11902e-05 -1.00093e-05 -1.04895e-05 -1.30179e-05 -1.62326e-05 -1.8639e-05 -1.92638e-05 -1.82571e-05 -1.69504e-05 -1.6599e-05 -1.80286e-05 -2.09847e-05 -2.43808e-05 -2.70757e-05 -2.81805e-05 -2.77116e-05 -2.62952e-05 -2.48985e-05 -2.44252e-05 -2.51877e-05 -2.70156e-05 -2.91749e-05 -3.08141e-05 -3.11935e-05 -2.98685e-05 -2.6852e-05 -2.24211e-05 -1.71172e-05 -1.14188e-05 -5.69518e-06 -9.0253e-08 5.4968e-06 1.13061e-05 1.7669e-05 2.48228e-05 3.29234e-05 4.1888e-05 5.14404e-05 6.11048e-05 7.02927e-05 7.83521e-05 8.4626e-05 8.85756e-05 8.97653e-05 8.79686e-05 8.31134e-05 7.53403e-05 6.49515e-05 5.24346e-05 3.83632e-05 2.33822e-05 8.158e-06 -6.63977e-06 -2.04009e-05 -3.26283e-05 -4.29048e-05 -5.0918e-05 -5.64513e-05 -5.9451e-05 -5.99532e-05 -5.80636e-05 -5.39151e-05 -4.78837e-05 -4.07089e-05 -3.3542e-05 -2.75564e-05 -2.33915e-05 -2.05868e-05 -1.76453e-05 -1.28849e-05 -5.88552e-06 1.51208e-06 5.66766e-06 3.37682e-06 -5.69722e-06 -1.85046e-05 -3.08624e-05 -4.04638e-05 -4.77985e-05 -5.41252e-05 -5.92732e-05 -6.1784e-05 -6.09218e-05 -5.73673e-05 -5.19064e-05 -4.42489e-05 -3.39129e-05 -2.13792e-05 -7.66055e-06 6.83143e-06 2.19913e-05 3.70909e-05 5.10626e-05 6.33612e-05 7.37464e-05 8.16039e-05 8.63809e-05 8.81032e-05 8.70243e-05 8.31847e-05 7.69337e-05 6.90049e-05 6.0044e-05 5.05245e-05 4.11013e-05 3.23514e-05 2.44217e-05 1.73633e-05 1.11527e-05 5.51011e-06 2.38185e-08 -5.46517e-06 -1.10621e-05 -1.67235e-05 -2.20305e-05 -2.64501e-05 -2.94912e-05 -3.08147e-05 -3.0349e-05 -2.86388e-05 -2.64616e-05 -2.46043e-05 -2.38328e-05 -2.43321e-05 -2.57355e-05 -2.71537e-05 -2.76363e-05 -2.65474e-05 -2.38881e-05 -2.05375e-05 -1.76045e-05 -1.61923e-05 -1.65643e-05 -1.79e-05 -1.89525e-05 -1.83667e-05 -1.59735e-05 -1.27623e-05 -1.024e-05 -9.78445e-06 -1.10011e-05 -1.24711e-05 -1.25375e-05 -1.03296e-05 -7.42271e-06 -5.42458e-06 -5.41957e-06 -7.00386e-06 -7.5805e-06 -6.18027e-06 -3.64392e-06 -1.54392e-06 -1.67141e-06 -2.58485e-06 -2.46456e-06 -1.62596e-06 -5.27229e-07 -1.12573e-07 -4.08052e-07 -4.24852e-07 -2.01073e-07 -7.82193e-08 -2.64579e-08 -2.15673e-08 -2.52185e-08 -1.09349e-08 -2.85566e-09 -5.30421e-10 0 0 
0 0 -8.75852e-10 -4.24549e-09 -1.51767e-08 -3.27532e-08 -1.58061e-08 -3.91273e-08 -2.00382e-07 -3.40707e-07 -4.47675e-07 -4.36464e-07 -3.19286e-07 -1.67465e-06 -3.74776e-06 -3.42272e-06 -2.31959e-06 -2.38886e-06 -5.08128e-06 -1.11364e-05 -1.39429e-05 -1.17837e-05 -9.40983e-06 -9.61108e-06 -1.52405e-05 -2.2551e-05 -2.56102e-05 -2.43135e-05 -2.0415e-05 -1.87106e-05 -2.23731e-05 -2.91797e-05 -3.60288e-05 -3.90073e-05 -3.73091e-05 -3.39438e-05 -3.20537e-05 -3.46021e-05 -4.12341e-05 -4.92856e-05 -5.58217e-05 -5.82763e-05 -5.70149e-05 -5.38774e-05 -5.15999e-05 -5.25199e-05 -5.69148e-05 -6.3894e-05 -7.10748e-05 -7.62242e-05 -7.7823e-05 -7.54698e-05 -7.02071e-05 -6.33971e-05 -5.67836e-05 -5.13705e-05 -4.74097e-05 -4.43263e-05 -4.07632e-05 -3.53306e-05 -2.65565e-05 -1.36439e-05 3.75068e-06 2.52341e-05 4.99492e-05 7.66668e-05 0.000103957 0.000130441 0.000154703 0.000175634 0.000192173 0.000203599 0.000209313 0.000209043 0.000202688 0.000190347 0.000172429 0.000149525 0.000122544 9.24575e-05 6.04637e-05 2.77807e-05 -4.23068e-06 -3.439e-05 -6.15557e-05 -8.48528e-05 -0.0001035 -0.000116951 -0.000124848 -0.000127163 -0.000124073 -0.000115946 -0.000103521 -8.8268e-05 -7.23407e-05 -5.78867e-05 -4.57114e-05 -3.42574e-05 -2.03881e-05 -2.08556e-06 1.8346e-05 3.36903e-05 3.54198e-05 1.98344e-05 -8.50667e-06 -3.96935e-05 -6.58537e-05 -8.58188e-05 -0.000102696 -0.00011774 -0.000128215 -0.000131265 -0.00012747 -0.000119132 -0.000106497 -8.8128e-05 -6.41226e-05 -3.66765e-05 -7.17068e-06 2.44087e-05 5.73474e-05 8.93367e-05 0.000118883 0.00014564 0.000168757 0.000186612 0.000198677 0.000205168 0.000205778 0.000200157 0.000188923 0.000172911 0.000152401 0.000128396 0.000102358 7.55373e-05 4.90611e-05 2.46522e-05 3.60472e-06 -1.35027e-05 -2.61618e-05 -3.45909e-05 -3.98372e-05 -4.33825e-05 -4.64189e-05 -5.04004e-05 -5.5858e-05 -6.23262e-05 -6.89608e-05 -7.41674e-05 -7.64422e-05 -7.48098e-05 -6.97646e-05 -6.26088e-05 -5.55821e-05 -5.12129e-05 -5.03579e-05 -5.27205e-05 -5.59497e-05 -5.7231e-05 -5.48029e-05 -4.83612e-05 -4.04046e-05 -3.3856e-05 -3.13575e-05 -3.32523e-05 -3.66506e-05 -3.84255e-05 -3.55324e-05 -2.87527e-05 -2.19454e-05 -1.82418e-05 -1.99135e-05 -2.37176e-05 -2.51149e-05 -2.21761e-05 -1.50011e-05 -9.46669e-06 -9.27911e-06 -1.16326e-05 -1.37707e-05 -1.10035e-05 -5.02462e-06 -2.36411e-06 -2.29387e-06 -3.38211e-06 -3.70146e-06 -1.65236e-06 -3.13605e-07 -4.2989e-07 -4.41019e-07 -3.35753e-07 -1.97757e-07 -3.78425e-08 -1.48574e-08 -3.49447e-08 -1.58489e-08 -2.94976e-09 0 0 
0 0 -9.40729e-10 -1.51767e-08 -4.76376e-08 -3.26533e-08 2.43654e-08 -1.89648e-07 -5.22941e-07 -4.90979e-07 -4.54293e-07 -1.29725e-07 -1.14734e-06 -5.67195e-06 -6.12188e-06 -9.87867e-07 -2.85304e-07 -4.77117e-06 -1.5805e-05 -2.43995e-05 -1.66659e-05 -6.988e-06 -6.91689e-06 -1.78553e-05 -3.61349e-05 -4.30286e-05 -3.57012e-05 -2.43594e-05 -1.79211e-05 -2.6417e-05 -4.38247e-05 -5.81202e-05 -6.2478e-05 -5.38515e-05 -4.18902e-05 -3.6628e-05 -4.28117e-05 -5.98543e-05 -7.80671e-05 -8.97469e-05 -9.03624e-05 -8.13476e-05 -7.05992e-05 -6.46541e-05 -6.89097e-05 -8.26624e-05 -0.000100942 -0.000117705 -0.00012666 -0.000126214 -0.000117188 -0.000103962 -9.15943e-05 -8.36287e-05 -8.22527e-05 -8.60874e-05 -9.25835e-05 -9.73663e-05 -9.6595e-05 -8.75142e-05 -6.86698e-05 -4.0828e-05 -5.53192e-06 3.43557e-05 7.63754e-05 0.000117801 0.000156897 0.000192432 0.000223658 0.000250304 0.00027197 0.000288606 0.000299562 0.000304604 0.000302935 0.00029414 0.000277826 0.000254104 0.00022331 0.000186237 0.000144127 9.85482e-05 5.14105e-05 4.53658e-06 -3.99751e-05 -8.05284e-05 -0.000115469 -0.000143636 -0.000163805 -0.000175552 -0.000178838 -0.000174479 -0.000163415 -0.000147431 -0.00012841 -0.000107959 -8.53884e-05 -5.76915e-05 -2.19019e-05 1.96645e-05 5.63342e-05 7.23063e-05 5.70911e-05 1.44832e-05 -3.8336e-05 -8.34986e-05 -0.000114994 -0.000138998 -0.000161544 -0.000179968 -0.000186825 -0.000180699 -0.000166534 -0.000147643 -0.000121204 -8.52574e-05 -4.31351e-05 5.89624e-07 4.58939e-05 9.32578e-05 0.000139579 0.000180879 0.000216933 0.000248105 0.000272236 0.000287909 0.000296453 0.000298904 0.000294261 0.000283257 0.00026736 0.000246703 0.000220392 0.000189602 0.000154993 0.000116385 7.51716e-05 3.38754e-05 -5.36093e-06 -4.03951e-05 -6.7706e-05 -8.60045e-05 -9.50639e-05 -9.58379e-05 -9.09536e-05 -8.46193e-05 -8.07118e-05 -8.16718e-05 -8.95122e-05 -0.000101864 -0.000114917 -0.000124099 -0.000124785 -0.00011568 -9.88495e-05 -8.07152e-05 -6.70989e-05 -6.30013e-05 -6.90051e-05 -7.96847e-05 -8.88377e-05 -8.84455e-05 -7.68971e-05 -5.87593e-05 -4.16906e-05 -3.54981e-05 -4.09239e-05 -5.30727e-05 -6.18326e-05 -5.74805e-05 -4.30574e-05 -2.55892e-05 -1.71447e-05 -2.36763e-05 -3.49927e-05 -4.23175e-05 -3.55895e-05 -1.75958e-05 -6.81703e-06 -6.8996e-06 -1.6463e-05 -2.41065e-05 -1.56246e-05 -4.7266e-06 -2.92663e-07 -9.84808e-07 -6.05269e-06 -5.60359e-06 -1.13225e-06 -1.26819e-07 -4.47129e-07 -4.84628e-07 -5.16364e-07 -1.84725e-07 2.27117e-08 -3.88658e-08 -3.49872e-08 -1.21453e-08 0 0 
0 0 -1.13964e-08 -3.27532e-08 -3.26533e-08 2.79757e-08 -2.80811e-07 -6.53664e-07 -4.52116e-08 -1.1341e-08 -1.41022e-06 -2.94539e-06 -6.46394e-06 -3.63848e-06 5.50543e-06 -3.96606e-06 -2.11103e-05 -2.64383e-05 -2.2009e-05 7.80974e-07 4.59365e-06 -2.7363e-05 -5.38393e-05 -6.31799e-05 -4.37959e-05 -1.30167e-05 -1.28214e-05 -3.73418e-05 -7.2562e-05 -9.48015e-05 -8.28115e-05 -5.63444e-05 -3.43563e-05 -3.61517e-05 -6.71559e-05 -0.000104325 -0.000130802 -0.000131231 -0.000108613 -8.25983e-05 -6.79231e-05 -7.89335e-05 -0.000110884 -0.000150272 -0.000182288 -0.000192636 -0.00018246 -0.000157637 -0.000132056 -0.000118425 -0.000122399 -0.000144809 -0.000176169 -0.000207138 -0.000226572 -0.000228131 -0.000210976 -0.000177305 -0.000134868 -8.96472e-05 -4.86885e-05 -1.46774e-05 1.1696e-05 3.29131e-05 5.34389e-05 7.74384e-05 0.00010958 0.000151696 0.000205063 0.000267389 0.00033587 0.000405478 0.000470998 0.000526855 0.000567861 0.000590622 0.000592154 0.000572129 0.000530373 0.000469404 0.000391777 0.000301926 0.000203604 0.000101914 1.14152e-06 -9.42511e-05 -0.000180886 -0.000255702 -0.000316257 -0.000361008 -0.000390003 -0.000405364 -0.00040955 -0.000404333 -0.000388779 -0.000359036 -0.000308579 -0.000234076 -0.000141957 -5.44922e-05 -3.45732e-06 -1.3412e-05 -8.13587e-05 -0.000175982 -0.000258586 -0.000312188 -0.000346819 -0.000378974 -0.000407338 -0.000416819 -0.000399801 -0.000365 -0.00032135 -0.000265282 -0.000189856 -9.93382e-05 -4.17393e-06 9.30707e-05 0.00019427 0.000294636 0.000383753 0.000458841 0.000519981 0.000563158 0.000582339 0.000579727 0.0005583 0.000518622 0.00046251 0.00039778 0.000330168 0.000262358 0.000200231 0.000148337 0.000107353 7.53411e-05 5.24065e-05 3.3332e-05 1.25346e-05 -1.31425e-05 -4.59834e-05 -8.67935e-05 -0.000132286 -0.000174555 -0.000208513 -0.000225884 -0.000223629 -0.000203787 -0.000172832 -0.000141181 -0.000119013 -0.000115586 -0.000128772 -0.000154082 -0.000179389 -0.000189778 -0.000179447 -0.000147465 -0.000107985 -7.63794e-05 -6.58564e-05 -8.04851e-05 -0.000106429 -0.000129124 -0.000128905 -0.00010289 -6.59681e-05 -3.48497e-05 -3.29507e-05 -5.48671e-05 -8.1589e-05 -9.40009e-05 -7.19479e-05 -3.66513e-05 -1.24665e-05 -1.26816e-05 -4.30896e-05 -6.22737e-05 -5.31128e-05 -2.70055e-05 4.52431e-06 7.56646e-07 -2.17505e-05 -2.61269e-05 -2.08617e-05 -3.92427e-06 5.42941e-06 -3.60341e-06 -6.39051e-06 -2.91062e-06 -1.39327e-06 -1.11418e-08 -4.2083e-08 -6.46188e-07 -2.84594e-07 3.93185e-08 -8.89945e-09 -2.84159e-08 0 0 
0 0 -2.60284e-08 -1.58061e-08 2.43654e-08 -2.80811e-07 -7.00792e-07 2.55155e-07 1.80624e-07 -3.39671e-06 -3.81522e-06 -3.10494e-06 -1.90581e-06 5.56903e-06 -1.42878e-05 -4.08019e-05 -1.79409e-05 2.3597e-06 8.27303e-06 -1.26105e-05 -8.2042e-05 -9.02518e-05 -4.39576e-05 -8.12483e-06 7.28675e-06 -4.88895e-05 -0.000117659 -0.000132572 -0.000108721 -4.85582e-05 -1.73567e-05 -4.73994e-05 -0.000106244 -0.000173103 -0.000193008 -0.000161311 -0.000110364 -6.69139e-05 -7.46369e-05 -0.000125103 -0.00019613 -0.000257365 -0.000273946 -0.000252042 -0.000201677 -0.00015547 -0.000140086 -0.0001617 -0.000220173 -0.000288474 -0.000347967 -0.000377171 -0.000368666 -0.000330883 -0.000273953 -0.000220422 -0.000180903 -0.000166498 -0.000175169 -0.00019837 -0.000224959 -0.000238419 -0.000229983 -0.000189608 -0.000118251 -1.65484e-05 0.000107086 0.000244134 0.00038534 0.000520592 0.000643927 0.000747621 0.00082972 0.000884911 0.000913955 0.000914772 0.000889081 0.000836938 0.000761075 0.00066416 0.000549565 0.000421643 0.000284283 0.00014364 3.61709e-06 -0.000129243 -0.000251733 -0.000358339 -0.000447163 -0.000514816 -0.000563232 -0.000594523 -0.000614262 -0.000620281 -0.000603392 -0.000542954 -0.000423065 -0.000246639 -5.32437e-05 9.1045e-05 0.000124481 3.54456e-05 -0.000126459 -0.00028175 -0.000383906 -0.000443948 -0.000500778 -0.000563309 -0.000605293 -0.000601785 -0.000565476 -0.000518688 -0.000462057 -0.000375854 -0.000260942 -0.000135464 -9.57121e-06 0.000126841 0.000271863 0.000410336 0.000532915 0.000645903 0.000746366 0.000822124 0.000871201 0.00089842 0.000901293 0.000872057 0.000816783 0.000738209 0.000636442 0.000512549 0.000379191 0.000240824 0.000104001 -1.85975e-05 -0.000117258 -0.000187592 -0.000227529 -0.00023379 -0.000219621 -0.00019413 -0.000170937 -0.000162456 -0.000177806 -0.000216332 -0.000268455 -0.000325397 -0.000362843 -0.00037141 -0.00034331 -0.000283189 -0.000214025 -0.000156701 -0.000135484 -0.000150446 -0.000196952 -0.000247524 -0.000269839 -0.000254086 -0.000192504 -0.000121258 -7.14969e-05 -6.43575e-05 -0.000108325 -0.00015938 -0.000190567 -0.000170821 -0.000104508 -4.62652e-05 -1.6773e-05 -4.76772e-05 -0.00010722 -0.000130761 -0.000116076 -4.84041e-05 6.9808e-06 -8.20369e-06 -4.35561e-05 -8.92261e-05 -8.11121e-05 -1.25542e-05 8.08805e-06 2.26189e-06 -1.77794e-05 -4.03316e-05 -1.41231e-05 5.49049e-06 -1.89105e-06 -3.07179e-06 -3.77564e-06 -3.3565e-06 1.81484e-07 2.43566e-07 -6.88348e-07 -2.53559e-07 -3.88583e-08 -1.03859e-08 0 0 
0 0 -2.17719e-08 -3.91273e-08 -1.89648e-07 -6.53664e-07 2.55155e-07 2.57924e-07 -5.00377e-06 -4.05202e-06 3.36691e-06 -2.9427e-06 -5.60284e-06 -2.2036e-05 -4.86619e-05 1.04248e-05 3.78906e-05 -3.3882e-05 -7.44572e-05 -0.000125139 -7.62119e-05 5.12969e-05 2.17598e-05 -6.28388e-05 -0.000161844 -0.000216469 -0.00011218 -1.70952e-05 8.22111e-06 -4.70478e-05 -0.000192799 -0.000268649 -0.000256936 -0.000173418 -5.91384e-05 -3.86466e-05 -9.82483e-05 -0.000223201 -0.000346777 -0.000383042 -0.000348313 -0.000246213 -0.000154615 -0.000127942 -0.000173753 -0.000295135 -0.000422329 -0.00052118 -0.000551062 -0.000506473 -0.00042172 -0.000322191 -0.000262915 -0.000254487 -0.000307347 -0.000401604 -0.000503442 -0.000590193 -0.000625793 -0.000608539 -0.000529611 -0.000407583 -0.000257188 -9.88883e-05 4.82955e-05 0.000179199 0.000284677 0.000374807 0.000450128 0.000526012 0.000605466 0.000697068 0.000800003 0.000911854 0.00102777 0.00113534 0.00122857 0.00129175 0.00132172 0.00130732 0.00125113 0.00114854 0.00100844 0.000833012 0.000634272 0.00041998 0.00020285 -8.19622e-06 -0.000204643 -0.00038171 -0.00053845 -0.000675431 -0.000794012 -0.000880519 -0.00090359 -0.000817612 -0.000602963 -0.000296001 -6.19645e-06 0.000139645 7.34902e-05 -0.000148814 -0.000394062 -0.000549777 -0.000614471 -0.00065754 -0.000722867 -0.000769513 -0.000741559 -0.000641067 -0.000519835 -0.000394933 -0.000236205 -2.79143e-05 0.000195986 0.000403581 0.000605712 0.000810122 0.000992812 0.00112508 0.00122042 0.00128249 0.00130056 0.00126458 0.00120084 0.00111539 0.0010096 0.00089093 0.000783561 0.000686078 0.000593241 0.000514934 0.000445105 0.000371476 0.000281214 0.000180651 5.28047e-05 -9.49706e-05 -0.000250319 -0.000398209 -0.000522525 -0.000602565 -0.000619349 -0.000585598 -0.000498251 -0.000392823 -0.000298008 -0.000245381 -0.000253361 -0.000314372 -0.000413885 -0.000496713 -0.000543094 -0.000514254 -0.000414035 -0.00028787 -0.000167733 -0.000121796 -0.000149378 -0.00024075 -0.000342449 -0.000379172 -0.000343765 -0.000219879 -9.48788e-05 -3.48088e-05 -5.62335e-05 -0.000172261 -0.000255922 -0.00026747 -0.000190732 -4.43368e-05 9.98526e-06 -1.63848e-05 -0.000110794 -0.000213922 -0.000160242 -6.26415e-05 2.08723e-05 5.00894e-05 -7.56727e-05 -0.000123891 -7.37777e-05 -3.36388e-05 3.72741e-05 1.01647e-05 -4.81462e-05 -2.18047e-05 -5.55329e-06 -2.91749e-06 3.32002e-06 -4.00598e-06 -4.95334e-06 2.48992e-07 2.76284e-07 -6.85535e-07 -2.84215e-07 -1.99368e-08 0 0 
0 0 -2.70186e-08 -2.00382e-07 -5.22941e-07 -4.52116e-08 1.80624e-07 -5.00377e-06 -3.95294e-06 8.76638e-06 -7.10669e-06 -2.60281e-05 -1.33351e-05 -2.72166e-05 2.55527e-05 4.42768e-05 -0.000136134 -0.00014314 -4.0483e-05 1.06782e-05 0.000121442 -7.26107e-05 -0.000294158 -0.00023613 -0.000150387 5.15078e-05 9.61161e-05 -0.000125728 -0.000286889 -0.00040347 -0.000316754 -8.63564e-05 9.10962e-06 3.56985e-06 -0.00019195 -0.000427237 -0.000518562 -0.000495723 -0.000304576 -0.000129758 -6.81572e-05 -0.000136708 -0.00036092 -0.000573404 -0.000727837 -0.00074046 -0.000614895 -0.000450416 -0.000287244 -0.000244965 -0.000311347 -0.000484978 -0.00070904 -0.000894087 -0.0010145 -0.00100672 -0.000909901 -0.000735275 -0.000543003 -0.000379965 -0.000267837 -0.000237817 -0.000258106 -0.0003265 -0.000387214 -0.0004227 -0.000391933 -0.000281458 -8.79615e-05 0.000191387 0.000527409 0.000910948 0.00129832 0.0016803 0.00201381 0.0022919 0.00248592 0.00259325 0.00260205 0.00251431 0.00233634 0.0020746 0.00174799 0.00136393 0.000949491 0.000512607 8.34951e-05 -0.000334126 -0.000719727 -0.00108116 -0.0014073 -0.00170743 -0.00195593 -0.00212368 -0.00213498 -0.00194355 -0.00155437 -0.00110505 -0.000792341 -0.000780069 -0.00104342 -0.00140104 -0.0016388 -0.00171468 -0.00173517 -0.00181749 -0.00191527 -0.00191568 -0.00176914 -0.00156563 -0.00135672 -0.00111006 -0.000756975 -0.000344606 6.75137e-05 0.000469236 0.000906976 0.00134066 0.00171917 0.00202697 0.00229353 0.0024846 0.00256506 0.00254836 0.00245281 0.00226737 0.00198267 0.00165129 0.00128152 0.000894845 0.000509078 0.000182864 -8.98655e-05 -0.000286062 -0.000391485 -0.000414301 -0.000380324 -0.000317718 -0.00024298 -0.000225307 -0.000259576 -0.000370245 -0.00053518 -0.000729131 -0.000897397 -0.000991131 -0.00100097 -0.000879668 -0.000696263 -0.000474529 -0.000297852 -0.000232344 -0.000277143 -0.00043781 -0.000603979 -0.000732772 -0.000718155 -0.000563847 -0.000353124 -0.000128378 -6.25722e-05 -0.000125117 -0.000297534 -0.000489449 -0.00051352 -0.000423575 -0.000190598 6.54727e-06 1.37117e-05 -8.2332e-05 -0.000313405 -0.000402825 -0.000287507 -0.000125009 9.42705e-05 5.04127e-05 -0.000148814 -0.000233554 -0.0002909 -7.23475e-05 0.000119211 9.95118e-06 -4.04801e-05 -0.000141753 -0.000134675 4.35372e-05 2.50563e-05 -2.69979e-05 -1.32459e-05 -2.57641e-05 -7.02647e-06 8.65758e-06 -3.93329e-06 -4.93226e-06 1.78117e-07 -1.39634e-07 -3.69339e-07 -1.49875e-07 0 0 
0 0 -7.97462e-08 -3.40707e-07 -4.90979e-07 -1.1341e-08 -3.39671e-06 -4.05202e-06 8.76638e-06 -9.50517e-06 -4.23844e-05 8.45105e-06 1.50425e-05 -1.80924e-05 -9.48696e-07 -0.000195474 -0.000143788 0.000189313 4.95765e-05 -6.95996e-05 -0.000265597 -0.000480846 -3.32078e-05 0.000177336 8.30693e-05 -7.93603e-05 -0.000539048 -0.000540623 -0.000249373 -2.40957e-05 0.000203308 -4.85924e-05 -0.000420764 -0.000651201 -0.00074013 -0.000420926 -0.000121252 4.79127e-05 -7.02647e-06 -0.000386913 -0.000716128 -0.000974929 -0.000958434 -0.00069799 -0.00041855 -0.000154533 -0.000164702 -0.000361497 -0.000713888 -0.00109958 -0.00132406 -0.00140577 -0.00124358 -0.000990341 -0.000695083 -0.000474262 -0.000419094 -0.000491337 -0.000730302 -0.000997182 -0.00127754 -0.00145321 -0.00149986 -0.00139378 -0.00112555 -0.000761527 -0.000299933 0.000164303 0.00064093 0.0010583 0.00143587 0.00174432 0.00200005 0.00220839 0.00236662 0.00249963 0.00257976 0.00263927 0.00263563 0.00259733 0.00247958 0.00231478 0.00206879 0.0017749 0.00141695 0.00102683 0.000606066 0.000177258 -0.000259892 -0.00070368 -0.00115018 -0.00158144 -0.00192573 -0.00209202 -0.00197093 -0.0015585 -0.000978656 -0.000521135 -0.000434228 -0.000774462 -0.00127987 -0.00162765 -0.00166304 -0.00157309 -0.00159091 -0.00175458 -0.00184541 -0.00172922 -0.00147937 -0.00125941 -0.0010423 -0.000711776 -0.000263432 0.000172284 0.000549713 0.000950675 0.00137605 0.0017448 0.00200412 0.0022416 0.00243419 0.00255277 0.00256941 0.00258262 0.00254578 0.00245856 0.00231823 0.00218019 0.0019821 0.00171809 0.00141944 0.00105895 0.000637675 0.000160785 -0.000287893 -0.000747893 -0.0011152 -0.00137247 -0.00147742 -0.001441 -0.00126478 -0.00098385 -0.000722951 -0.000476859 -0.000394826 -0.000453923 -0.000675252 -0.00096962 -0.00122923 -0.00138909 -0.00130372 -0.00108344 -0.00069605 -0.000344676 -0.00015368 -0.000139207 -0.000401175 -0.000687508 -0.000947973 -0.000964789 -0.000707956 -0.000374695 2.39835e-06 5.23173e-05 -0.000115954 -0.000416469 -0.000733471 -0.000642405 -0.000417129 -4.7361e-05 0.000203755 -2.30295e-05 -0.000243291 -0.000533776 -0.000531848 -7.89359e-05 8.12704e-05 0.000174195 -3.3495e-05 -0.000475309 -0.000262845 -6.93623e-05 4.8385e-05 0.000186341 -0.000142499 -0.00019335 -1.16813e-06 -1.80494e-05 1.47333e-05 8.24664e-06 -4.19293e-05 -9.42638e-06 8.64766e-06 -3.981e-06 -3.43735e-06 -2.36664e-08 -2.15077e-07 -2.75174e-07 0 0 
0 0 -2.04136e-07 -4.47675e-07 -4.54293e-07 -1.41022e-06 -3.81522e-06 3.36691e-06 -7.10669e-06 -4.23844e-05 2.042e-05 4.89979e-05 -0.000103775 -7.12843e-05 -8.60292e-05 -8.06112e-05 0.000328209 -7.4755e-05 -0.000546207 -0.000232041 -0.000222332 0.000309287 0.000409049 -0.000458571 -0.000601547 -0.000665703 -0.000309607 0.000414571 0.000190495 -0.000154222 -0.000674843 -0.00108796 -0.000644576 -0.000243647 0.000205005 0.000266227 -0.000311934 -0.000779041 -0.00127206 -0.00123573 -0.00078688 -0.000350975 9.74438e-05 -1.13508e-05 -0.000385271 -0.000975447 -0.00155853 -0.00174083 -0.00170277 -0.00125815 -0.000798158 -0.000422741 -0.000275825 -0.000513994 -0.000904114 -0.00151005 -0.0019862 -0.0023273 -0.00238836 -0.00217191 -0.0018003 -0.00126399 -0.000803852 -0.000367647 -0.000132836 -8.84554e-06 -3.47297e-05 -0.000126693 -0.000201951 -0.000244976 -0.000125819 9.98154e-05 0.000541369 0.00108032 0.001785 0.00251737 0.003292 0.00399783 0.0046148 0.00508319 0.00536062 0.00545061 0.00531242 0.00500278 0.00448511 0.00385369 0.00307144 0.00223859 0.00130344 0.000346972 -0.000672623 -0.00159858 -0.00233964 -0.00264463 -0.0024951 -0.00197581 -0.00153456 -0.00153664 -0.00218174 -0.0030968 -0.00375477 -0.00375665 -0.00335504 -0.00299532 -0.00296662 -0.00296748 -0.00271093 -0.00213699 -0.00157298 -0.00103982 -0.000412623 0.00047875 0.00138322 0.00220624 0.00295235 0.00376956 0.00445249 0.00493104 0.00519767 0.00537201 0.00530989 0.00499771 0.0045205 0.0039448 0.00324514 0.00244611 0.00173393 0.00106126 0.000511491 6.88564e-05 -0.000126029 -0.0002415 -0.00021091 -0.000115148 -8.6875e-06 5.56603e-06 -0.000108375 -0.000330453 -0.000782802 -0.00124984 -0.00177989 -0.00216071 -0.00237553 -0.00229394 -0.00195331 -0.00148376 -0.000872439 -0.000491397 -0.00025713 -0.000392012 -0.000770633 -0.00123529 -0.00167877 -0.00172359 -0.00153801 -0.000949518 -0.000372478 -9.72723e-07 0.000115325 -0.000337968 -0.000773243 -0.00122478 -0.00127013 -0.000770678 -0.000300933 0.000273852 0.000213027 -0.000243613 -0.000646784 -0.00108265 -0.000668942 -0.000145806 0.000194992 0.000410848 -0.000306231 -0.000657948 -0.000594916 -0.000453887 0.00040196 0.000303738 -0.000220906 -0.000230296 -0.000540245 -7.43709e-05 0.000323427 -8.01744e-05 -8.53168e-05 -7.07215e-05 -0.000102708 4.83227e-05 2.00495e-05 -4.19844e-05 -6.99647e-06 3.29087e-06 -3.92154e-06 -1.21536e-06 -4.8724e-07 -3.92169e-07 0 0 
0 0 -4.30752e-07 -4.36464e-07 -1.29725e-07 -2.94539e-06 -3.10494e-06 -2.9427e-06 -2.60281e-05 8.45105e-06 4.89979e-05 -0.000149047 -0.000119642 0.000145349 -3.96688e-05 8.98843e-05 -0.000210442 -0.000851376 0.000206756 0.000472802 4.67062e-05 4.37604e-06 -0.00121218 -0.00083739 0.000260335 0.00026747 0.000568979 -0.000431009 -0.00135247 -0.000971097 -0.000721385 0.000315604 0.000647864 -4.3552e-05 -0.000606302 -0.00160846 -0.00158762 -0.00096981 -0.000328612 0.000483519 0.000228855 -0.000319524 -0.00122808 -0.00207065 -0.00210118 -0.00189448 -0.00102889 -0.000352816 9.29316e-07 -6.27374e-05 -0.000817686 -0.0015735 -0.00250733 -0.00295728 -0.00304197 -0.00271661 -0.00200362 -0.00138263 -0.000718123 -0.000523343 -0.000541013 -0.000960804 -0.0015493 -0.00216002 -0.00273638 -0.00296365 -0.00300801 -0.00257835 -0.00195535 -0.000972883 0.000105954 0.0013177 0.00251937 0.00363993 0.00468406 0.00550333 0.00621875 0.00663561 0.00693614 0.00692376 0.00679568 0.00636945 0.00582957 0.00504587 0.00417033 0.00312972 0.00202088 0.000804506 -0.000481965 -0.00183924 -0.0032028 -0.00436433 -0.00508984 -0.00510617 -0.00455028 -0.00384889 -0.00378705 -0.00471035 -0.00638588 -0.00780645 -0.00824666 -0.00761673 -0.00678249 -0.00635173 -0.00634126 -0.0061075 -0.00548116 -0.00471196 -0.00415293 -0.00352929 -0.00257813 -0.00137874 -0.000284361 0.000722409 0.00187505 0.0030733 0.00410555 0.00488976 0.00568954 0.00630426 0.00670352 0.00678119 0.00684205 0.00658615 0.00613228 0.00541518 0.00465554 0.0036158 0.00247036 0.00130506 0.000122124 -0.000981486 -0.00195311 -0.00253791 -0.0029803 -0.00294129 -0.002684 -0.00211933 -0.00153386 -0.000934981 -0.00052003 -0.000514517 -0.000680858 -0.00132983 -0.00196694 -0.00267471 -0.00300404 -0.00293683 -0.00246895 -0.00152845 -0.000789334 -3.32604e-05 2.8931e-05 -0.00032826 -0.000997338 -0.00187564 -0.00209025 -0.00204246 -0.00120687 -0.000308954 0.000243341 0.000489993 -0.00031451 -0.000948941 -0.00158309 -0.00160493 -0.000603039 -4.14398e-05 0.000663123 0.000326562 -0.000720712 -0.000972077 -0.00136146 -0.000430469 0.000557689 0.000261328 0.000253945 -0.000828192 -0.00119839 2.50274e-06 4.41384e-05 0.000464835 0.000202102 -0.000842117 -0.000208682 8.79418e-05 -3.96854e-05 0.000143134 -0.000118564 -0.000147417 4.82528e-05 8.25279e-06 -2.57331e-05 -3.11421e-06 -3.06783e-06 -2.61119e-06 -9.16012e-07 -3.4301e-07 0 0 
0 0 -4.13946e-07 -3.19286e-07 -1.14734e-06 -6.46394e-06 -1.90581e-06 -5.60284e-06 -1.33351e-05 1.50425e-05 -0.000103775 -0.000119642 0.0002685 -4.7778e-05 -0.000417203 -9.46515e-05 -0.000476024 0.00049168 0.00087441 -0.00108733 -0.000816816 -0.000740835 -0.000263352 0.00151557 7.52722e-05 -0.000932332 -0.00123832 -0.00174195 0.000208601 0.000830779 0.000492081 1.89882e-05 -0.00188884 -0.00192968 -0.00141114 -0.00050279 0.000969375 0.000547641 -3.3239e-05 -0.00139999 -0.00262323 -0.00241804 -0.00208063 -0.000619808 0.00024647 0.000460659 9.84279e-05 -0.00136674 -0.00238973 -0.00351613 -0.00363595 -0.00310758 -0.00225387 -0.000992953 -0.000460241 -7.95662e-05 -0.000669481 -0.00154657 -0.00271835 -0.00389451 -0.00453179 -0.00495168 -0.00452857 -0.00395356 -0.00282654 -0.00176174 -0.000660124 0.000255735 0.000842521 0.00132703 0.00141172 0.00160227 0.00153698 0.00177411 0.00193863 0.00245197 0.00301051 0.00380531 0.00464412 0.00549722 0.00632728 0.00693548 0.00743511 0.00755767 0.00754481 0.00708336 0.00647664 0.00537884 0.00413235 0.0024809 0.000968075 -0.00037318 -0.00082066 -0.000554246 0.000290271 0.000458756 -0.000653873 -0.00333835 -0.00618562 -0.00791964 -0.00764846 -0.00638986 -0.00516658 -0.00470178 -0.00415943 -0.00321818 -0.00185484 -0.000951216 -0.000169422 0.000750306 0.00223163 0.00345201 0.00449422 0.00532715 0.00640913 0.00704352 0.00736714 0.00732303 0.00732116 0.00685395 0.006146 0.00532922 0.00457875 0.00372338 0.00287903 0.00239025 0.00192801 0.00171705 0.00149443 0.00162839 0.00142059 0.00131305 0.000885516 0.000310199 -0.000638636 -0.00170399 -0.00275256 -0.00392795 -0.00450456 -0.00491536 -0.00452277 -0.00386505 -0.00264374 -0.00148817 -0.000620275 -2.07711e-05 -0.000430331 -0.0009553 -0.00218787 -0.00306665 -0.00360371 -0.00347126 -0.00235673 -0.001333 0.00013407 0.00048181 0.000282803 -0.00058581 -0.0020712 -0.00239539 -0.00259776 -0.00138176 -6.4076e-06 0.000550759 0.000970687 -0.000482803 -0.00139681 -0.00191322 -0.00187902 6.78077e-06 0.00049366 0.000837015 0.000222139 -0.00171972 -0.00122286 -0.00092222 7.15313e-05 0.0014915 -0.000262628 -0.000734227 -0.000808303 -0.00107531 0.000861719 0.000483045 -0.000471759 -9.47908e-05 -0.000413114 -4.76805e-05 0.000264818 -0.000118634 -0.000102767 1.4813e-05 -1.33908e-05 -5.75419e-06 -1.52253e-06 -6.77317e-06 -2.56185e-06 -4.85963e-08 0 0 
0 0 -1.15235e-07 -1.67465e-06 -5.67195e-06 -3.63848e-06 5.56903e-06 -2.2036e-05 -2.72166e-05 -1.80924e-05 -7.12843e-05 0.000145349 -4.7778e-05 -0.000686592 0.000155939 0.00036803 -4.83935e-05 0.00034453 -0.00174223 -0.00108552 0.00132142 0.000299678 0.000782914 -0.00106915 -0.00281925 -0.000316282 0.000123448 0.00125539 0.00115445 -0.00182505 -0.00194657 -0.00228454 -0.00102553 0.00136854 0.000868356 0.000680567 -0.00139134 -0.00312478 -0.00272014 -0.00243903 -0.000130399 0.000882094 0.000938742 0.000285726 -0.00208988 -0.00317374 -0.00436384 -0.00386485 -0.00247067 -0.00122189 0.00042564 0.000308671 -2.16204e-05 -0.00168718 -0.00342025 -0.00480027 -0.00594337 -0.00564182 -0.00524293 -0.00368724 -0.00246366 -0.00115301 -0.000410523 -0.000407589 -0.000685454 -0.0018435 -0.00268546 -0.00398103 -0.00451367 -0.0049629 -0.00456082 -0.00371416 -0.00227772 -0.000293835 0.00182242 0.00438698 0.00663827 0.00913406 0.0109848 0.0128502 0.0138922 0.0147656 0.0148009 0.0145638 0.0136071 0.0123191 0.0104271 0.00811528 0.00535342 0.00239423 -0.000266627 -0.00218438 -0.00281506 -0.00264799 -0.00247857 -0.00397831 -0.00745585 -0.0123157 -0.0161132 -0.0175706 -0.0164872 -0.0148795 -0.0135927 -0.0127215 -0.0109589 -0.00864483 -0.00637415 -0.00488197 -0.00317264 -0.00089135 0.00176258 0.00396813 0.00603487 0.00834145 0.0105518 0.0122166 0.0132775 0.0143277 0.0147179 0.0145842 0.0136304 0.0127263 0.0109239 0.00897587 0.00650861 0.0043783 0.00178541 -0.000375077 -0.0022665 -0.00367064 -0.00458271 -0.00494354 -0.00442701 -0.00394044 -0.00263809 -0.00173384 -0.000625345 -0.000392023 -0.000363453 -0.00113007 -0.00245231 -0.00360223 -0.00514557 -0.00558031 -0.00586573 -0.00474394 -0.00338921 -0.00160921 4.91053e-05 0.000346523 0.000487343 -0.00116934 -0.00243724 -0.0038081 -0.00431877 -0.00313986 -0.0020477 0.000303637 0.000966093 0.00092716 -0.000116319 -0.00242315 -0.00270867 -0.00312279 -0.00135808 0.000697894 0.000863011 0.0013696 -0.00103653 -0.00227569 -0.00191964 -0.00182364 0.00115643 0.00123535 0.000116533 -0.000318579 -0.00278525 -0.00106038 0.000768503 0.000291038 0.00129992 -0.00107544 -0.00172234 0.000338209 -5.00137e-05 0.000361948 0.000152212 -0.000679305 -4.77165e-05 0.000143027 -7.07178e-05 -1.80794e-05 -2.73205e-05 -2.16572e-05 5.60824e-06 -5.0797e-06 -4.82786e-06 -1.11226e-06 0 0 
0 0 -5.35579e-07 -3.74776e-06 -6.12188e-06 5.50543e-06 -1.42878e-05 -4.86619e-05 2.55527e-05 -9.48696e-07 -8.60292e-05 -3.96688e-05 -0.000417203 0.000155939 0.000815717 -0.000911746 -0.000724175 -0.000510156 -0.000465481 0.0024647 -0.000208342 -0.00230183 -0.00111532 -0.00195942 0.00173496 0.00217745 -0.000892349 -0.00108391 -0.00354661 -0.00189191 0.00121358 0.000991849 0.00199254 -0.00108261 -0.00331717 -0.00304387 -0.00317797 0.000298152 0.00139177 0.00149929 0.000652956 -0.00281966 -0.00374287 -0.00501391 -0.00372898 -0.00135714 -2.38655e-05 0.00181323 0.000515082 -0.000718641 -0.00330471 -0.00554479 -0.00620854 -0.00666329 -0.00468521 -0.00335875 -0.00111243 -8.72379e-05 1.91429e-05 -0.000543548 -0.00260991 -0.00414119 -0.00660912 -0.0076364 -0.00868134 -0.00834043 -0.00739347 -0.00587008 -0.00362588 -0.00176603 0.000719986 0.00221218 0.00419382 0.00510763 0.00640747 0.00695859 0.00776606 0.00825284 0.00877963 0.00931449 0.00959096 0.010054 0.00995219 0.0100666 0.00935838 0.00878977 0.00713884 0.00549908 0.00279531 0.000609188 -0.00152106 -0.00182767 -0.00138218 -0.00016762 -0.000984978 -0.00420597 -0.0103887 -0.0162991 -0.0201519 -0.0202595 -0.0189732 -0.0174448 -0.016821 -0.0150162 -0.0122745 -0.00884664 -0.00693305 -0.00524606 -0.00358166 -0.000840577 0.000982284 0.00277005 0.00413858 0.00636188 0.00751187 0.00856812 0.00896678 0.00990572 0.00980453 0.00971908 0.00934408 0.00925788 0.00864216 0.00803763 0.00771138 0.0069688 0.00631024 0.00506041 0.00426376 0.00221515 0.000695903 -0.00166732 -0.00353128 -0.00583411 -0.00727223 -0.00821573 -0.00865899 -0.0075986 -0.00655696 -0.00414175 -0.00254378 -0.000399513 0.00011404 4.46378e-07 -0.00101715 -0.00332104 -0.00461562 -0.00654945 -0.00614555 -0.00547799 -0.00322383 -0.000681857 0.000579996 0.00188936 -1.21686e-06 -0.00132143 -0.00368618 -0.0049857 -0.00369722 -0.00280595 0.000651465 0.00153529 0.00140727 0.00032336 -0.00316351 -0.00306658 -0.00331286 -0.00106202 0.00200293 0.00101771 0.00119117 -0.00191531 -0.00354985 -0.00108694 -0.000890018 0.002139 0.00170124 -0.00194041 -0.00110836 -0.00227661 -0.000210692 0.00242824 -0.00046473 -0.000506874 -0.000718255 -0.000902434 0.000804128 0.000152304 -0.000413307 -3.99181e-05 -8.53771e-05 -1.40849e-06 2.49094e-05 -4.78637e-05 -1.50438e-05 4.83587e-06 -2.39223e-06 -3.07999e-06 0 0 
0 0 -1.64819e-06 -3.42272e-06 -9.87867e-07 -3.96606e-06 -4.08019e-05 1.04248e-05 4.42768e-05 -0.000195474 -8.06112e-05 8.98843e-05 -9.46515e-05 0.00036803 -0.000911746 -0.00126466 0.00140313 0.000318272 0.000312651 -0.000949192 -0.00394413 0.000853565 0.0016786 0.000946434 0.000983014 -0.00432421 -0.00271423 -0.000184702 0.000554449 0.00365091 -0.00034505 -0.00270537 -0.00335544 -0.0043874 0.000421911 0.00152182 0.00225468 0.00134782 -0.00333837 -0.00399056 -0.00561555 -0.00348395 -0.000150126 0.000968556 0.00296869 0.000183765 -0.00185018 -0.0049391 -0.00722474 -0.00627772 -0.00578241 -0.00212117 -0.000527193 0.00120152 0.00109393 -0.00107492 -0.0029426 -0.00673759 -0.00816057 -0.0101171 -0.00957557 -0.00848729 -0.00656646 -0.00384038 -0.00232902 -0.000147635 -0.000232399 0.000243193 -0.00122761 -0.00212751 -0.00376088 -0.00483414 -0.00534441 -0.0054898 -0.00415699 -0.00286654 0.000185258 0.00271849 0.00674473 0.0098021 0.0137754 0.0164943 0.0194941 0.0211015 0.0223711 0.0222265 0.0211953 0.0189552 0.0159517 0.0131059 0.0110721 0.0109334 0.0113169 0.0110357 0.00697057 -0.000356081 -0.0098949 -0.0167939 -0.020026 -0.0192601 -0.0185149 -0.0177919 -0.0170804 -0.0133859 -0.00858154 -0.00366021 -0.000668317 0.00277224 0.00651473 0.0105764 0.0132153 0.0157552 0.0183939 0.0207628 0.0218545 0.0220043 0.0221134 0.0209879 0.0191527 0.016073 0.0136403 0.0097312 0.00648471 0.00254712 0.000221253 -0.00292286 -0.00428611 -0.00544164 -0.00527319 -0.00488168 -0.00369901 -0.00196469 -0.00116928 0.000335254 -4.06534e-05 -6.95924e-05 -0.00231627 -0.00376552 -0.00654482 -0.00846566 -0.00940856 -0.00995583 -0.00806422 -0.00660905 -0.00286666 -0.00102492 0.00123428 0.00132002 -0.000466936 -0.00202678 -0.00572402 -0.00622671 -0.0071235 -0.00490814 -0.00183072 0.000261596 0.00301144 0.000995149 -0.000116118 -0.00347732 -0.00556239 -0.00394887 -0.00334238 0.00136512 0.00225477 0.0015431 0.000473373 -0.00438716 -0.0033592 -0.00271441 -0.000358883 0.00369888 0.00058094 -0.000169618 -0.00267838 -0.00426633 0.000965022 0.000929406 0.00164987 0.000835343 -0.00389822 -0.000940757 0.000304123 0.000310603 0.0013817 -0.00125287 -0.000902534 0.000361746 -9.5123e-05 8.79211e-05 -8.04455e-05 -0.000193914 4.37432e-05 9.98172e-06 -4.16816e-05 -2.40544e-06 -4.64555e-07 -2.9662e-06 0 0 
0 0 -2.49712e-06 -2.31959e-06 -2.85304e-07 -2.11103e-05 -1.79409e-05 3.78906e-05 -0.000136134 -0.000143788 0.000328209 -0.000210442 -0.000476024 -4.83935e-05 -0.000724175 0.00140313 0.000620939 -0.00296064 -0.000622746 -0.000981338 0.00169492 0.00337174 -0.00314232 -0.00250759 -0.00270863 -0.000937567 0.00459482 0.000783381 -0.000789508 -0.00331963 -0.00576208 -0.000110553 0.00090621 0.00315929 0.00242591 -0.00332265 -0.00380989 -0.00631838 -0.00341137 0.000770026 0.00162051 0.00396798 -0.000326338 -0.00294121 -0.00607308 -0.00815033 -0.00519343 -0.00398476 0.000795031 0.00190364 0.00196933 0.000448548 -0.00415114 -0.00621705 -0.0101825 -0.00982307 -0.00949752 -0.00697382 -0.00364732 -0.00187642 0.000749261 -0.00030982 -0.000422908 -0.00372896 -0.00601937 -0.0092126 -0.0116366 -0.0126224 -0.0134526 -0.0115895 -0.0104394 -0.00650874 -0.00391543 0.000711027 0.00393411 0.00815064 0.0113208 0.0144752 0.0172057 0.0190828 0.021115 0.0216654 0.022758 0.0218696 0.0215636 0.0188184 0.0165123 0.0118291 0.00843527 0.00446697 0.00377492 0.00353315 0.00449082 0.00119389 -0.00592666 -0.0179219 -0.0284155 -0.035351 -0.0361631 -0.0358803 -0.0356195 -0.0367668 -0.0346461 -0.0300696 -0.0232952 -0.0187097 -0.0139055 -0.00948686 -0.00344209 0.000333932 0.00434 0.00736333 0.0122064 0.0146986 0.0176213 0.0189587 0.0216172 0.0216711 0.0222017 0.0213111 0.0210713 0.0188715 0.0168876 0.0144431 0.0113526 0.00797981 0.00388565 0.000854004 -0.00391737 -0.00652713 -0.010251 -0.011448 -0.0133938 -0.0124119 -0.0114507 -0.00919908 -0.00596158 -0.0036504 -0.000429109 -0.000178959 0.000994147 -0.00174001 -0.00350816 -0.00683399 -0.00945074 -0.00970469 -0.0100057 -0.00614269 -0.00407563 0.000551411 0.00201577 0.00200404 0.000876266 -0.00397053 -0.00509994 -0.0080763 -0.00607163 -0.00288838 -0.00028347 0.00399852 0.00166978 0.00074868 -0.00340035 -0.00627091 -0.00379366 -0.00329612 0.00241404 0.00312472 0.000937379 -9.77776e-05 -0.00572656 -0.00331222 -0.00084223 0.000762008 0.00452121 -0.000935181 -0.00267869 -0.00248088 -0.00310445 0.00332232 0.00166647 -0.000973998 -0.00061956 -0.00292658 0.000610943 0.00138218 -0.00071829 -5.03073e-05 -0.000472323 -0.000208953 0.000323164 -0.000142926 -0.000134588 3.62766e-05 -1.82466e-05 -1.91248e-05 -5.44196e-06 -1.83099e-06 0 0 
0 0 -2.61885e-06 -2.38886e-06 -4.77117e-06 -2.64383e-05 2.3597e-06 -3.3882e-05 -0.00014314 0.000189313 -7.4755e-05 -0.000851376 0.00049168 0.00034453 -0.000510156 0.000318272 -0.00296064 -0.000132952 0.0034297 -0.000713273 2.89877e-05 -0.00415664 -0.00354926 0.00357886 0.00140906 0.00217701 -0.00206872 -0.00655682 -0.00141654 -0.000744897 0.00368693 0.00379147 -0.00243598 -0.00305836 -0.00704877 -0.00376634 0.00107561 0.00189437 0.0049131 -0.000568452 -0.0035852 -0.00655769 -0.00851147 -0.00361561 -0.00209016 0.00308516 0.00328629 0.00116248 -0.00128969 -0.0075514 -0.00845998 -0.0110264 -0.00830655 -0.00529523 -0.00232109 0.00165395 0.000856673 0.00146282 -0.00306977 -0.00581413 -0.0103148 -0.0133072 -0.0142041 -0.0150629 -0.0120426 -0.010785 -0.00617823 -0.00438694 -0.000933078 9.16753e-05 0.00107207 0.00113595 8.72021e-05 -9.91338e-06 -0.00168307 -0.000834975 -0.00165838 0.000693307 0.00147362 0.00518399 0.00740621 0.0116584 0.0144173 0.0179278 0.0198275 0.0209746 0.0205917 0.0190826 0.0179918 0.0175722 0.0198975 0.0218973 0.0226686 0.0165158 0.00551641 -0.00947084 -0.0196535 -0.0249672 -0.0241421 -0.0250044 -0.0260641 -0.0280222 -0.024342 -0.0189094 -0.0116293 -0.00706124 -0.000642466 0.00521035 0.0115278 0.014433 0.0176286 0.020141 0.0227711 0.0229272 0.0225617 0.0219765 0.0202451 0.0175508 0.0138029 0.0114762 0.00729408 0.00478289 0.00125506 0.00078164 -0.00176397 -0.00102106 -0.00155527 0.000108132 1.45868e-05 0.00126183 0.00132423 0.000178293 -0.000774849 -0.00410123 -0.00608592 -0.0107733 -0.01192 -0.0150301 -0.0141565 -0.0130296 -0.0100809 -0.00567914 -0.00288155 0.00154946 0.000915968 0.00185081 -0.00217867 -0.00523594 -0.00817279 -0.0109398 -0.00839182 -0.0074189 -0.00124401 0.00121497 0.00338559 0.00308437 -0.00204484 -0.00353126 -0.00851589 -0.00653059 -0.00356511 -0.000567244 0.00498366 0.00189854 0.0010425 -0.00375995 -0.00706495 -0.00301712 -0.00241037 0.00374948 0.00366492 -0.00079704 -0.00141495 -0.00650748 -0.00206025 0.00212647 0.00137138 0.00350986 -0.0035198 -0.0041146 1.7945e-05 -0.000712817 0.00337819 -0.000138954 -0.00292794 0.000311442 -0.000506792 0.000338069 0.000483412 -0.000843103 -7.5163e-05 0.000186531 -0.000142251 -3.50274e-05 3.26182e-06 -2.68278e-05 -1.16542e-05 -1.205e-06 0 0 
