<?xml version="1.0"?>
<VTKFile type="ImageData" version="0.1" byte_order="LittleEndian">
<ImageData WholeExtent="0 199 0 199 0 0" Origin="0 0 0" Spacing="15 15 0">
<Piece Extent="0 199 0 199 0 0">
<PointData Scalars="Amplitude">
<DataArray type="Float32" Name="Amplitude" format="ascii">
0 0 0 0 0 0 0 0 0 0 0 0 0 0 0 0 0 0 0 0 0 0 0 0 0 0 0 0 0 0 0 0 0 0 0 0 0 0 0 0 0 0 0 0 0 0 0 0 0 0 0 0 0 0 0 0 0 0 0 0 0 0 0 0 0 0 0 0 0 0 0 0 0 0 0 0 0 0 0 0 0 0 0 0 0 0 0 0 0 0 0 0 0 0 0 0 0 0 0 0 0 0 0 0 0 0 0 0 0 0 0 0 0 0 0 0 0 0 0 0 0 0 0 0 0 0 0 0 0 0 0 0 0 0 0 0 0 0 0 0 0 0 0 0 0 0 0 0 0 0 0 0 0 0 0 0 0 0 0 0 0 0 0 0 0 0 0 0 0 0 0 0 0 0 0 0 0 0 0 0 0 0 0 0 0 0 0 0 0 0 0 0 0 0 0 0 0 0 0 0 
0 0 0 0 0 0 0 0 0 0 0 0 0 0 0 0 0 0 0 0 0 0 0 0 0 0 0 0 0 0 0 0 0 0 0 0 0 0 0 0 0 0 0 0 0 0 0 0 0 0 0 0 0 0 0 0 0 0 0 0 0 0 0 0 0 0 0 0 0 0 0 0 0 0 0 0 0 0 0 0 0 0 0 0 0 0 0 0 0 0 0 0 0 0 0 0 0 0 0 0 0 0 0 0 0 0 0 0 0 0 0 0 0 0 0 0 0 0 0 0 0 0 0 0 0 0 0 0 0 0 0 0 0 0 0 0 0 0 0 0 0 0 0 0 0 0 0 0 0 0 0 0 0 0 0 0 0 0 0 0 0 0 0 0 0 0 0 0 0 0 0 0 0 0 0 0 0 0 0 0 0 0 0 0 0 0 0 0 0 0 0 0 0 0 0 0 0 0 0 0 
0 0 -2.52157e-10 -3.32216e-10 -4.65321e-11 -1.29054e-09 -5.11186e-09 -7.54347e-09 -2.17201e-08 -2.09681e-08 2.87823e-08 -5.37469e-08 -2.06737e-07 -2.0296e-07 -2.83362e-07 8.16216e-09 2.21549e-07 -5.59568e-07 -9.703e-07 -1.40158e-06 -1.30636e-06 -1.41052e-07 -2.27129e-07 -6.64888e-07 -1.63426e-06 -2.84782e-06 -2.54508e-06 -2.07236e-06 -1.26671e-06 -8.73626e-07 -1.80275e-06 -2.75792e-06 -4.00843e-06 -4.46632e-06 -3.98808e-06 -3.41005e-06 -2.58843e-06 -2.74759e-06 -3.54096e-06 -4.82296e-06 -6.32458e-06 -7.08688e-06 -7.46429e-06 -7.04046e-06 -6.48027e-06 -6.15889e-06 -6.25341e-06 -7.25062e-06 -8.58901e-06 -1.0376e-05 -1.19372e-05 -1.31442e-05 -1.38843e-05 -1.40297e-05 -1.40244e-05 -1.38019e-05 -1.39295e-05 -1.43263e-05 -1.52599e-05 -1.66216e-05 -1.82482e-05 -2.00703e-05 -2.16926e-05 -2.31612e-05 -2.41072e-05 -2.46872e-05 -2.46884e-05 -2.42878e-05 -2.34478e-05 -2.22547e-05 -2.07947e-05 -1.90149e-05 -1.70309e-05 -1.46559e-05 -1.20506e-05 -9.06122e-06 -5.96684e-06 -2.72005e-06 5.35797e-07 4.3027e-06 9.31566e-06 1.67244e-05 2.70538e-05 3.95354e-05 5.16867e-05 6.02313e-05 6.29695e-05 6.00563e-05 5.38783e-05 4.6814e-05 3.97366e-05 3.17497e-05 2.232e-05 1.20162e-05 2.26389e-06 -6.50624e-06 -1.44429e-05 -2.16301e-05 -2.70994e-05 -3.02664e-05 -3.1126e-05 -3.01481e-05 -2.70711e-05 -2.1846e-05 -1.47796e-05 -6.67272e-06 2.2927e-06 1.17497e-05 2.12458e-05 3.01009e-05 3.81516e-05 4.4841e-05 4.94883e-05 5.14781e-05 5.08961e-05 4.78677e-05 4.28147e-05 3.64387e-05 2.9511e-05 2.24784e-05 1.56717e-05 9.49563e-06 3.95822e-06 -8.82598e-07 -5.11184e-06 -8.62516e-06 -1.17741e-05 -1.4424e-05 -1.67653e-05 -1.87275e-05 -2.0476e-05 -2.18404e-05 -2.29571e-05 -2.37781e-05 -2.41627e-05 -2.41659e-05 -2.36076e-05 -2.26472e-05 -2.11778e-05 -1.95939e-05 -1.77894e-05 -1.61826e-05 -1.48577e-05 -1.39393e-05 -1.3565e-05 -1.34711e-05 -1.37088e-05 -1.37369e-05 -1.36161e-05 -1.28871e-05 -1.17117e-05 -1.01798e-05 -8.40341e-06 -7.0893e-06 -6.10993e-06 -6.0345e-06 -6.39028e-06 -6.96086e-06 -7.39213e-06 -7.03334e-06 -6.2825e-06 -4.80655e-06 -3.54429e-06 -2.75242e-06 -2.60088e-06 -3.42472e-06 -4.01264e-06 -4.51336e-06 -4.06158e-06 -2.81534e-06 -1.85198e-06 -9.07521e-07 -1.29695e-06 -2.09686e-06 -2.56779e-06 -2.87118e-06 -1.67414e-06 -7.12534e-07 -2.72988e-07 -1.79908e-07 -1.32064e-06 -1.40786e-06 -9.76139e-07 -5.65576e-07 2.0903e-07 1.41901e-09 -2.84037e-07 -2.03176e-07 -2.05834e-07 -5.40819e-08 2.77483e-08 -2.10977e-08 -2.16382e-08 -7.63881e-09 -5.11325e-09 -1.04962e-09 -3.41292e-10 -2.74014e-10 0 0 
0 0 -3.32216e-10 -3.50358e-10 -1.41664e-09 -9.67364e-09 -1.0829e-08 -9.17475e-09 -2.49466e-08 -6.68598e-09 -1.37929e-07 -4.13441e-07 -1.18999e-07 7.08661e-08 -1.38521e-07 -2.42202e-07 -2.05975e-06 -2.47147e-06 -8.24723e-07 -5.68533e-07 6.1591e-07 -1.43131e-06 -4.80085e-06 -4.98729e-06 -5.215e-06 -2.5433e-06 -8.26042e-07 -2.30951e-06 -3.92371e-06 -7.58903e-06 -8.9023e-06 -7.96973e-06 -6.58627e-06 -3.95114e-06 -4.26806e-06 -5.93045e-06 -8.97762e-06 -1.26163e-05 -1.38246e-05 -1.42192e-05 -1.23933e-05 -1.06653e-05 -1.01313e-05 -1.0754e-05 -1.39336e-05 -1.73464e-05 -2.14194e-05 -2.42318e-05 -2.55466e-05 -2.57756e-05 -2.46012e-05 -2.40877e-05 -2.37641e-05 -2.52142e-05 -2.783e-05 -3.16222e-05 -3.62314e-05 -4.04983e-05 -4.46685e-05 -4.73924e-05 -4.94496e-05 -5.01116e-05 -5.02486e-05 -4.98723e-05 -4.93637e-05 -4.922e-05 -4.9179e-05 -4.98493e-05 -5.04077e-05 -5.13284e-05 -5.15555e-05 -5.13691e-05 -4.99019e-05 -4.72886e-05 -4.31972e-05 -3.78631e-05 -3.16416e-05 -2.45963e-05 -1.66377e-05 -5.89029e-06 9.68477e-06 3.27961e-05 6.26827e-05 9.56011e-05 0.000123513 0.000139952 0.000142212 0.000134629 0.000123203 0.000112081 9.99731e-05 8.46908e-05 6.59084e-05 4.66134e-05 2.86847e-05 1.20238e-05 -4.27984e-06 -1.87386e-05 -2.92932e-05 -3.51871e-05 -3.73455e-05 -3.56332e-05 -2.93682e-05 -1.86419e-05 -5.0209e-06 1.07643e-05 2.82924e-05 4.6785e-05 6.45046e-05 8.10751e-05 9.60532e-05 0.000108608 0.000116799 0.000120121 0.000117689 0.000109654 9.63485e-05 8.0076e-05 6.18157e-05 4.32889e-05 2.52668e-05 9.118e-06 -5.49701e-06 -1.78678e-05 -2.81053e-05 -3.61596e-05 -4.23947e-05 -4.67086e-05 -4.9272e-05 -5.06725e-05 -5.06564e-05 -5.01918e-05 -4.92031e-05 -4.86292e-05 -4.79444e-05 -4.80457e-05 -4.81926e-05 -4.86592e-05 -4.91058e-05 -4.90341e-05 -4.83886e-05 -4.64011e-05 -4.37124e-05 -3.95598e-05 -3.53826e-05 -3.08311e-05 -2.70703e-05 -2.4534e-05 -2.31453e-05 -2.35358e-05 -2.41279e-05 -2.53221e-05 -2.51431e-05 -2.39039e-05 -2.1128e-05 -1.71149e-05 -1.37319e-05 -1.05588e-05 -1.00036e-05 -1.05811e-05 -1.23413e-05 -1.41992e-05 -1.37896e-05 -1.25998e-05 -9.00272e-06 -5.97654e-06 -4.35613e-06 -4.03001e-06 -6.64202e-06 -8.0258e-06 -8.95049e-06 -7.66859e-06 -4.02693e-06 -2.39173e-06 -9.37245e-07 -2.6268e-06 -5.25834e-06 -5.03001e-06 -4.838e-06 -1.50496e-06 5.28439e-07 -6.24526e-07 -8.64726e-07 -2.47677e-06 -2.06021e-06 -2.58704e-07 -1.50077e-07 6.11782e-08 -1.23127e-07 -4.11407e-07 -1.37989e-07 -7.6489e-09 -2.52444e-08 -9.43787e-09 -1.05817e-08 -9.91763e-09 -2.94329e-09 -1.49645e-10 0 0 
0 0 -4.65321e-11 -1.41664e-09 -8.80785e-09 -2.11999e-08 -7.85762e-10 -1.22855e-08 -3.41859e-08 -5.96514e-08 -5.87009e-07 -4.95863e-07 7.4877e-07 8.95469e-08 -5.26591e-07 -2.27795e-06 -5.66653e-06 -7.44577e-07 2.17106e-06 1.51845e-06 7.35597e-07 -9.482e-06 -1.07689e-05 -6.72107e-06 -3.2597e-06 4.18854e-06 -2.51872e-07 -6.83466e-06 -1.24409e-05 -1.76961e-05 -1.18038e-05 -6.81215e-06 -1.66512e-06 -3.98482e-07 -7.99386e-06 -1.42045e-05 -2.23118e-05 -2.40803e-05 -2.03342e-05 -1.57269e-05 -8.7861e-06 -8.73302e-06 -1.15046e-05 -1.92173e-05 -2.87634e-05 -3.50795e-05 -3.99784e-05 -3.81836e-05 -3.51634e-05 -3.0004e-05 -2.65454e-05 -2.71925e-05 -3.03865e-05 -3.88256e-05 -4.74323e-05 -5.77381e-05 -6.54213e-05 -7.09509e-05 -7.35547e-05 -7.27111e-05 -7.11383e-05 -6.7582e-05 -6.60026e-05 -6.46074e-05 -6.62135e-05 -6.9076e-05 -7.40494e-05 -8.00491e-05 -8.59534e-05 -9.17542e-05 -9.50469e-05 -9.69266e-05 -9.4902e-05 -9.10294e-05 -8.35517e-05 -7.51395e-05 -6.49175e-05 -5.43718e-05 -4.09012e-05 -2.13628e-05 9.23786e-06 5.31003e-05 0.00010573 0.000156535 0.000191273 0.000203615 0.0001963 0.00018248 0.000170513 0.000162236 0.000150019 0.000132008 0.000110053 9.08022e-05 7.28763e-05 5.46552e-05 3.4525e-05 1.82544e-05 6.99315e-06 8.13903e-07 -3.02089e-06 -1.12525e-06 6.47085e-06 1.93105e-05 3.36758e-05 5.14468e-05 7.11119e-05 9.18264e-05 0.000110066 0.000127905 0.000143858 0.000157751 0.000166733 0.000171624 0.000168946 0.000158415 0.000139824 0.000116524 8.90042e-05 6.02932e-05 3.2318e-05 6.29358e-06 -1.75598e-05 -3.85657e-05 -5.5828e-05 -7.08356e-05 -8.17762e-05 -8.99608e-05 -9.39485e-05 -9.57817e-05 -9.33468e-05 -8.97783e-05 -8.40487e-05 -7.81186e-05 -7.21784e-05 -6.73366e-05 -6.43537e-05 -6.27523e-05 -6.4359e-05 -6.59463e-05 -6.95406e-05 -7.1237e-05 -7.20425e-05 -6.95272e-05 -6.41834e-05 -5.65133e-05 -4.62943e-05 -3.78547e-05 -2.94976e-05 -2.64483e-05 -2.58635e-05 -2.93167e-05 -3.46378e-05 -3.7746e-05 -3.95785e-05 -3.47742e-05 -2.84276e-05 -1.89563e-05 -1.14e-05 -8.63904e-06 -8.74044e-06 -1.56628e-05 -2.02293e-05 -2.40898e-05 -2.23795e-05 -1.43054e-05 -8.12243e-06 -4.11009e-07 -1.67946e-06 -6.85033e-06 -1.18891e-05 -1.78879e-05 -1.26073e-05 -6.94238e-06 -4.31518e-07 3.96371e-06 -3.36688e-06 -6.77494e-06 -1.07611e-05 -9.48405e-06 6.02627e-07 1.39693e-06 2.05702e-06 -8.02186e-07 -5.64149e-06 -2.28437e-06 -5.45288e-07 7.15338e-08 7.27889e-07 -4.96585e-07 -5.83258e-07 -6.09145e-08 -3.51093e-08 -1.25492e-08 -5.64598e-10 -2.33598e-08 -9.9259e-09 -8.61844e-10 0 0 
0 0 -1.29054e-09 -9.67364e-09 -2.11999e-08 1.18822e-08 7.48716e-09 -1.59879e-07 -1.89092e-07 -3.11777e-07 -1.70045e-07 1.31569e-06 -7.92561e-07 -4.39527e-06 -2.50838e-06 -2.69414e-06 4.85336e-06 8.26549e-06 -8.0711e-06 -1.16095e-05 -1.67914e-05 -9.71861e-06 1.23631e-05 7.08068e-06 1.78848e-06 -1.47088e-05 -3.07868e-05 -1.95498e-05 -1.17674e-05 5.15392e-06 1.04541e-05 -4.66023e-06 -1.61089e-05 -3.60095e-05 -3.74367e-05 -2.75617e-05 -1.59427e-05 1.47496e-06 -7.71805e-07 -7.86122e-06 -2.62655e-05 -4.60777e-05 -5.36195e-05 -5.74905e-05 -4.45592e-05 -3.30584e-05 -2.1073e-05 -1.64621e-05 -2.50311e-05 -3.72669e-05 -6.00156e-05 -7.65509e-05 -9.16428e-05 -9.67168e-05 -9.37107e-05 -8.70718e-05 -7.48218e-05 -6.8761e-05 -6.30516e-05 -6.79658e-05 -7.66667e-05 -9.25849e-05 -0.000111367 -0.000129742 -0.000148207 -0.000159774 -0.000169553 -0.000170292 -0.000169195 -0.000160697 -0.000151039 -0.000137273 -0.000123173 -0.000109329 -9.68391e-05 -8.91739e-05 -8.3617e-05 -8.11942e-05 -7.0145e-05 -4.55453e-05 5.12531e-06 7.3372e-05 0.000147355 0.000197922 0.000213316 0.000193583 0.000165001 0.000146886 0.000146314 0.000148188 0.000142201 0.000129635 0.000121793 0.000120199 0.000116716 0.000106129 9.39447e-05 8.74581e-05 8.39427e-05 7.9072e-05 7.43758e-05 7.60419e-05 8.20008e-05 8.79247e-05 9.33605e-05 0.000102056 0.00011181 0.000118984 0.000124431 0.000130122 0.000135368 0.000138778 0.000144138 0.000148901 0.00015016 0.000142586 0.0001298 0.000107772 8.1955e-05 5.23003e-05 2.66032e-05 -1.72341e-07 -2.14391e-05 -4.18029e-05 -5.82647e-05 -7.62011e-05 -9.09724e-05 -0.000106613 -0.000121588 -0.00013506 -0.000147954 -0.000157683 -0.000166242 -0.000167276 -0.000166837 -0.000156929 -0.000145078 -0.000126984 -0.000108755 -8.98556e-05 -7.41868e-05 -6.55186e-05 -6.06694e-05 -6.68313e-05 -7.295e-05 -8.51841e-05 -9.22297e-05 -9.53749e-05 -9.03264e-05 -7.53953e-05 -5.88659e-05 -3.63795e-05 -2.43631e-05 -1.56754e-05 -2.04262e-05 -3.25336e-05 -4.41299e-05 -5.73642e-05 -5.34032e-05 -4.57899e-05 -2.61011e-05 -7.7213e-06 -8.85624e-07 1.2539e-06 -1.59787e-05 -2.76184e-05 -3.73948e-05 -3.608e-05 -1.64586e-05 -5.00109e-06 1.00841e-05 4.9711e-06 -1.17182e-05 -1.9541e-05 -3.0626e-05 -1.48122e-05 1.46853e-06 6.71567e-06 1.19567e-05 -9.77641e-06 -1.67317e-05 -1.15978e-05 -8.07675e-06 8.05756e-06 4.71175e-06 -2.7177e-06 -2.52063e-06 -4.36935e-06 -8.02337e-07 1.2845e-06 -1.76644e-07 -3.12562e-07 -1.89793e-07 -1.58824e-07 5.60817e-09 9.73629e-09 -1.0921e-08 -8.1643e-09 0 0 
0 0 -5.11186e-09 -1.0829e-08 -7.85762e-10 7.48716e-09 -2.17827e-07 -2.37331e-07 2.20815e-07 -8.65953e-08 1.6408e-07 -1.65588e-06 -6.62031e-06 1.17623e-06 6.4294e-06 1.90864e-06 2.37619e-06 -2.53061e-05 -2.3492e-05 6.06256e-06 8.13874e-06 2.9204e-05 -3.22547e-06 -4.06635e-05 -3.3827e-05 -3.67767e-05 7.62167e-06 2.64985e-05 9.79787e-06 -3.01088e-06 -5.13079e-05 -5.64298e-05 -4.44248e-05 -2.36229e-05 1.75185e-05 1.27789e-05 5.03017e-06 -3.00775e-05 -6.79802e-05 -7.58735e-05 -8.16015e-05 -4.81159e-05 -2.44353e-05 -3.72387e-06 1.01681e-06 -2.64372e-05 -5.13438e-05 -9.55361e-05 -0.000116538 -0.000129511 -0.00012325 -9.86666e-05 -8.02786e-05 -5.39749e-05 -5.3721e-05 -5.77157e-05 -8.47372e-05 -0.000117953 -0.00015388 -0.000191691 -0.000212669 -0.000232118 -0.00022875 -0.000225356 -0.000207082 -0.000192343 -0.000175629 -0.000164036 -0.00016117 -0.000160751 -0.000173114 -0.000182552 -0.000203583 -0.000218819 -0.000244931 -0.000266237 -0.00029228 -0.000300723 -0.00028228 -0.000215825 -0.00010435 2.65785e-05 0.000134222 0.000176472 0.000158008 0.000109882 9.12191e-05 0.00011145 0.000160254 0.000194542 0.000221419 0.000248219 0.00029918 0.000346592 0.000384333 0.000402787 0.000430045 0.000453438 0.000471982 0.000470673 0.000473476 0.000471589 0.000467881 0.000446726 0.000428767 0.00040348 0.000376654 0.000335773 0.000301293 0.000260196 0.000221443 0.000178449 0.00015187 0.000126491 0.000108173 8.44165e-05 6.03763e-05 2.00127e-05 -2.55258e-05 -7.50668e-05 -0.000121869 -0.000164322 -0.000196384 -0.000215611 -0.000230061 -0.000229518 -0.000226348 -0.00021121 -0.000199874 -0.000178193 -0.000168583 -0.000156512 -0.000156375 -0.000159485 -0.000171304 -0.000187141 -0.000202191 -0.000221253 -0.000224312 -0.000227968 -0.00020901 -0.000187929 -0.000150772 -0.000115224 -8.16199e-05 -5.52132e-05 -5.16573e-05 -5.15402e-05 -7.8256e-05 -9.69931e-05 -0.000121757 -0.000128488 -0.000115299 -9.44268e-05 -5.0865e-05 -2.59312e-05 1.3012e-06 -3.41841e-06 -2.38753e-05 -4.81295e-05 -8.18324e-05 -7.6179e-05 -6.84223e-05 -3.00682e-05 4.9159e-06 1.22696e-05 1.69515e-05 -2.46399e-05 -4.50678e-05 -5.67368e-05 -5.15719e-05 -3.13517e-06 9.17695e-06 2.55899e-05 6.93477e-06 -3.68196e-05 -3.3881e-05 -4.05948e-05 -3.64725e-06 2.83822e-05 7.69178e-06 5.68462e-06 -2.34001e-05 -2.51356e-05 2.2152e-06 1.78954e-06 6.27387e-06 1.10454e-06 -6.57279e-06 -1.65856e-06 1.46026e-07 -9.59517e-08 2.12076e-07 -2.36888e-07 -2.19336e-07 1.11403e-08 5.55613e-09 -8.74884e-09 0 0 
0 0 -7.54347e-09 -9.17475e-09 -1.22855e-08 -1.59879e-07 -2.37331e-07 4.95836e-07 -9.19261e-08 -2.06211e-06 -1.4779e-06 -3.42943e-06 3.94923e-06 1.30754e-05 -1.34066e-05 -1.89499e-05 -1.97283e-05 -1.35388e-05 5.43577e-05 2.15165e-05 -1.88315e-05 -4.28427e-05 -9.33561e-05 -6.04192e-06 3.20476e-05 4.22077e-05 4.1259e-05 -6.34546e-05 -7.87866e-05 -8.45028e-05 -4.92991e-05 4.14998e-05 3.70697e-05 4.25473e-05 -2.54845e-05 -9.89065e-05 -0.000108746 -0.000124088 -4.85599e-05 -4.07674e-06 3.24117e-05 3.88971e-05 -2.87094e-05 -7.26166e-05 -0.000154101 -0.0001737 -0.000168938 -0.000137384 -6.91095e-05 -4.19347e-05 -2.75047e-06 -3.12057e-05 -6.75835e-05 -0.000134588 -0.000207783 -0.000253251 -0.000299471 -0.000288576 -0.000282981 -0.000235844 -0.000203064 -0.000167134 -0.000147854 -0.000156904 -0.000172323 -0.000226134 -0.000268681 -0.000339942 -0.000386149 -0.000443334 -0.00047231 -0.000497163 -0.000503933 -0.000502159 -0.000503957 -0.000496183 -0.000491095 -0.000436621 -0.00033731 -0.000147674 6.24236e-05 0.000257442 0.000325508 0.000278649 0.00014355 5.04239e-05 3.7252e-05 0.00010545 0.000172438 0.000222944 0.000276638 0.000378046 0.000507422 0.000622903 0.000710641 0.000795585 0.000892213 0.000969911 0.00101381 0.00103311 0.00105044 0.00104464 0.00100825 0.000948576 0.000886284 0.000805846 0.000705169 0.000598675 0.000499239 0.000398988 0.000296112 0.000213878 0.000150755 0.000113517 9.10509e-05 9.82943e-05 9.16881e-05 8.1085e-05 3.9475e-05 -2.32817e-06 -7.95735e-05 -0.000143542 -0.000223675 -0.000285286 -0.00035883 -0.000404359 -0.00045291 -0.000479503 -0.000492233 -0.000488785 -0.000466429 -0.000436792 -0.000378696 -0.000333429 -0.000260919 -0.000217678 -0.000165974 -0.000150586 -0.00014114 -0.00016177 -0.000197574 -0.000230505 -0.000278831 -0.00028379 -0.000294976 -0.000250174 -0.000203965 -0.000131205 -6.56613e-05 -2.89987e-05 -9.51662e-07 -4.0461e-05 -6.75007e-05 -0.000137044 -0.000168563 -0.000172762 -0.000153754 -7.21348e-05 -2.90705e-05 3.796e-05 3.2256e-05 -4.34669e-06 -4.87129e-05 -0.000124429 -0.000110284 -9.99511e-05 -2.63227e-05 4.21429e-05 3.73859e-05 4.0893e-05 -5.02292e-05 -8.57775e-05 -8.0238e-05 -6.37296e-05 3.97888e-05 4.0878e-05 3.09225e-05 -6.52521e-06 -9.25491e-05 -4.27483e-05 -1.90158e-05 2.0824e-05 5.32415e-05 -1.36579e-05 -1.9705e-05 -1.88747e-05 -1.33439e-05 1.28197e-05 3.82939e-06 -3.42839e-06 -1.48853e-06 -2.05613e-06 -9.80941e-08 4.82321e-07 -2.43035e-07 -1.5039e-07 -3.42038e-08 -8.40806e-09 0 0 
0 0 -2.17201e-08 -2.49466e-08 -3.41859e-08 -1.89092e-07 2.20815e-07 -9.19261e-08 -3.24848e-06 -5.90645e-07 3.97927e-06 4.15727e-07 4.35323e-06 -2.41922e-05 -3.48326e-05 2.93291e-05 2.33548e-05 4.40135e-05 -1.12365e-05 -0.000139833 -4.6908e-05 -1.85976e-05 7.89733e-05 0.0001311 -4.50642e-05 -7.59064e-05 -0.000159614 -0.000113568 5.69005e-05 6.37043e-05 0.000124096 6.42205e-07 -0.000131869 -0.000154535 -0.000203092 -4.96936e-05 2.81684e-05 9.45347e-05 0.000107426 -3.68352e-05 -0.000104409 -0.000245291 -0.000249715 -0.000198428 -0.00012575 1.92126e-05 3.53841e-05 7.21495e-05 -2.6415e-05 -0.000131402 -0.000242422 -0.000360156 -0.000364431 -0.000384013 -0.000283865 -0.000222357 -0.000126196 -7.58981e-05 -8.1231e-05 -0.00010266 -0.000215281 -0.000295317 -0.0004434 -0.000523861 -0.000624339 -0.000660152 -0.000675509 -0.000659078 -0.000601201 -0.000557983 -0.000471734 -0.000441574 -0.000383941 -0.000409887 -0.000428383 -0.000513088 -0.000546562 -0.00053428 -0.000392439 -0.000171008 4.01313e-05 0.000109504 -5.2426e-05 -0.000349328 -0.000650646 -0.000752611 -0.000705407 -0.000555327 -0.000464671 -0.000335638 -0.000161103 0.000147018 0.000429486 0.000705409 0.000925011 0.00120768 0.00144231 0.00164434 0.00173976 0.00184412 0.00187317 0.00186042 0.00173563 0.00161561 0.00142505 0.00121543 0.00092945 0.000683868 0.00040056 0.000150916 -0.000116399 -0.000301063 -0.000487106 -0.000586582 -0.00064455 -0.00060399 -0.000567067 -0.000486936 -0.000429412 -0.000377295 -0.000358733 -0.00033734 -0.000321584 -0.000324533 -0.000305174 -0.000315134 -0.000304408 -0.000343647 -0.000348737 -0.000425392 -0.000463113 -0.000547886 -0.00059211 -0.000649474 -0.000662294 -0.000649684 -0.000616267 -0.000513621 -0.000434591 -0.000287571 -0.000206233 -9.57525e-05 -7.50852e-05 -6.85837e-05 -0.000121478 -0.000217862 -0.000278749 -0.000381892 -0.000361689 -0.000356525 -0.000240939 -0.000129644 -2.53529e-05 7.24158e-05 3.74102e-05 1.97091e-05 -0.000126423 -0.000198694 -0.000250685 -0.000244767 -0.000103839 -3.79645e-05 0.000106541 9.28008e-05 2.74064e-05 -4.86994e-05 -0.000203279 -0.000154526 -0.00013345 -1.62122e-06 0.000123489 6.34481e-05 5.81155e-05 -0.000112346 -0.000158 -7.55129e-05 -4.52246e-05 0.000128467 7.72037e-05 -1.88778e-05 -4.67707e-05 -0.000138296 -1.14529e-05 4.30767e-05 2.27412e-05 2.86634e-05 -3.45781e-05 -2.40031e-05 4.20061e-06 3.39776e-07 3.87732e-06 -6.15005e-07 -3.22316e-06 -1.1412e-07 2.16571e-07 -1.74545e-07 -8.91752e-08 -2.19283e-08 0 0 
0 0 -2.09681e-08 -6.68598e-09 -5.96514e-08 -3.11777e-07 -8.65953e-08 -2.06211e-06 -5.90645e-07 7.96739e-06 -6.02826e-06 -1.62079e-05 -7.23009e-06 -1.68307e-05 6.33703e-05 4.37165e-05 -8.86423e-05 -6.44058e-05 -0.000138055 5.00644e-05 0.000213118 3.5766e-05 1.67584e-05 -0.000250204 -0.000233019 1.56981e-05 5.96633e-05 0.000267183 7.73759e-05 -0.000133135 -0.000204691 -0.000342381 -6.99195e-05 5.35131e-05 0.000187944 0.000228333 -4.29922e-05 -0.000138582 -0.000378417 -0.000351574 -0.000209989 -8.4527e-05 0.000180504 0.00014305 0.000150898 -6.48067e-05 -0.000282607 -0.000406333 -0.000552343 -0.000421266 -0.000365248 -0.000130951 -1.01823e-05 6.57417e-05 7.70017e-05 -9.33575e-05 -0.000205533 -0.000482884 -0.000602362 -0.000780006 -0.000806534 -0.000790977 -0.000723928 -0.00056937 -0.00048977 -0.0003248 -0.000316094 -0.000242297 -0.000328411 -0.00037418 -0.000529327 -0.000680426 -0.000879891 -0.00111975 -0.00132861 -0.00154228 -0.00154866 -0.00142709 -0.0010072 -0.000612451 -0.000278803 -0.000379633 -0.000712882 -0.00119928 -0.00138609 -0.00130558 -0.000988164 -0.000739769 -0.000511544 -0.000217395 0.000280078 0.000860082 0.0013894 0.00186534 0.00237142 0.00292747 0.00338306 0.00371983 0.00395665 0.00416871 0.00423228 0.00415869 0.00395729 0.00371692 0.00334978 0.00289596 0.00238764 0.00188548 0.00134421 0.000806365 0.000330824 -0.000103656 -0.000487936 -0.000812885 -0.00098147 -0.00110345 -0.00110075 -0.00110118 -0.00102699 -0.00107767 -0.00106196 -0.00115056 -0.00115804 -0.0012405 -0.00118343 -0.00117629 -0.00105816 -0.000949558 -0.000791512 -0.000646802 -0.000512934 -0.000361746 -0.000319249 -0.000225689 -0.000297849 -0.000313667 -0.000476009 -0.000554143 -0.000712986 -0.000778135 -0.000795009 -0.00077347 -0.000593076 -0.000474664 -0.000201272 -8.66309e-05 8.12165e-05 6.87509e-05 -3.87106e-06 -0.000128969 -0.000364678 -0.000417843 -0.000551586 -0.000404504 -0.000281413 -6.71592e-05 0.000151539 0.000144181 0.000180823 -8.36029e-05 -0.000212601 -0.00035328 -0.000377937 -0.000138773 -4.13394e-05 0.000226715 0.000184528 5.14491e-05 -7.22429e-05 -0.000341188 -0.000203543 -0.000134332 7.56475e-05 0.000262029 5.71406e-05 1.38901e-05 -0.000231005 -0.000248 1.52043e-05 3.41521e-05 0.00020915 4.85279e-05 -0.000136793 -6.4055e-05 -8.78208e-05 4.28357e-05 6.22425e-05 -1.68202e-05 -7.27198e-06 -1.61062e-05 -6.02004e-06 7.82401e-06 -6.30242e-07 -2.06387e-06 -5.43499e-08 -3.59794e-07 -1.45479e-07 1.23337e-08 0 0 
0 0 2.87823e-08 -1.37929e-07 -5.87009e-07 -1.70045e-07 1.6408e-07 -1.4779e-06 3.97927e-06 -6.02826e-06 -2.73734e-05 2.13964e-05 2.63037e-05 4.70513e-06 1.01562e-05 -0.000189112 -5.53139e-05 0.000147465 0.000100461 0.000234486 -0.00023808 -0.000358094 -0.000128215 -6.52487e-05 0.000442792 0.000232486 -3.97876e-05 -0.000215759 -0.000558348 -0.000145699 3.31069e-05 0.000304402 0.000428742 -2.24894e-05 -0.000148935 -0.000555357 -0.000498344 -0.000208531 -2.49964e-05 0.000423025 0.000281023 0.000216493 -0.000156215 -0.000537968 -0.000595651 -0.000736807 -0.000354153 -0.000177767 0.000172686 0.000316508 0.000207083 0.000109094 -0.000357633 -0.000544783 -0.000924975 -0.000962276 -0.000960411 -0.000814736 -0.000506933 -0.000355761 -3.78552e-05 -6.58772e-05 2.62164e-05 -0.000212122 -0.000382417 -0.000703807 -0.00101112 -0.00125262 -0.00153273 -0.00159236 -0.0017665 -0.00169071 -0.00181626 -0.00174269 -0.00182671 -0.00163179 -0.00133517 -0.00067694 5.28861e-05 0.000600077 0.000622983 -3.4508e-05 -0.000948732 -0.00177744 -0.00195961 -0.00186293 -0.00155951 -0.00154418 -0.0013106 -0.000934905 -0.000101991 0.000585416 0.00135646 0.00200474 0.00296694 0.00375188 0.00451149 0.00495623 0.0055079 0.00576843 0.00592438 0.00569442 0.00551036 0.00501556 0.00447188 0.00364994 0.00297662 0.00209157 0.00133149 0.000469683 -9.65527e-05 -0.000766917 -0.00117443 -0.00157927 -0.00165362 -0.00174428 -0.00150425 -0.0012753 -0.000929852 -0.000746715 -0.000559569 -0.000542675 -0.000619572 -0.00072246 -0.000918787 -0.00105673 -0.00130581 -0.00137432 -0.00162189 -0.00160883 -0.00172887 -0.00157871 -0.00151839 -0.00122551 -0.000993109 -0.000689148 -0.000359653 -0.00019589 3.9902e-05 -4.85998e-05 -2.93126e-05 -0.000347002 -0.000492237 -0.000808708 -0.000954043 -0.000952643 -0.000921032 -0.000537799 -0.000353131 0.000107715 0.000213309 0.000320021 0.000171285 -0.000175251 -0.000355539 -0.000735764 -0.000591036 -0.000540245 -0.000158174 0.000214621 0.000278248 0.000426275 -2.63551e-05 -0.000212176 -0.000502513 -0.000562304 -0.000149544 -2.23042e-05 0.000427553 0.000302848 2.48014e-05 -0.000152027 -0.000562735 -0.000217755 -4.24995e-05 0.000225792 0.000433591 -6.67393e-05 -0.000128528 -0.000354913 -0.000236234 0.000229879 9.80083e-05 0.000144503 -5.53734e-05 -0.000187103 9.62287e-06 4.33035e-06 2.57652e-05 2.09584e-05 -2.71253e-05 -6.01759e-06 3.85642e-06 -1.45359e-06 1.43204e-07 -3.39101e-07 -3.87525e-07 -9.61462e-08 0 0 
0 0 -5.37469e-08 -4.13441e-07 -4.95863e-07 1.31569e-06 -1.65588e-06 -3.42943e-06 4.15727e-07 -1.62079e-05 2.13964e-05 4.95621e-05 -9.32449e-05 -5.10895e-05 -3.91088e-05 1.20871e-06 0.000386648 -6.46656e-05 -0.000273915 -0.000270066 -0.000411116 0.000508225 0.000416449 0.000211415 -6.32184e-05 -0.000828255 -0.000320099 -0.000107095 0.000383709 0.000735857 6.85872e-05 -9.55881e-05 -0.000763672 -0.000724817 -0.000217976 2.1476e-05 0.000744511 0.000460747 0.000262536 -0.000279373 -0.000897023 -0.000775693 -0.000870422 -0.000135995 0.000198238 0.000549583 0.000655255 0.000135725 -0.000103379 -0.000893811 -0.00104437 -0.00128556 -0.00108519 -0.000638227 -0.000344031 0.000261785 0.000244571 0.000464205 4.12775e-05 -0.000246443 -0.000785827 -0.00129768 -0.0015851 -0.00197397 -0.00184502 -0.00194554 -0.00151512 -0.00139234 -0.000922028 -0.000754626 -0.000532242 -0.000549041 -0.000790065 -0.00107239 -0.0015489 -0.00156325 -0.00149201 -0.000763859 -0.000426913 -0.000319899 -0.00145857 -0.00293877 -0.00463672 -0.00529419 -0.00530737 -0.00478321 -0.00456117 -0.00431571 -0.00377167 -0.00263608 -0.00127968 -6.18805e-05 0.0011731 0.00257986 0.00422752 0.00556991 0.0067314 0.00765448 0.00860451 0.00904971 0.00919344 0.00892786 0.00859466 0.00775692 0.00671771 0.00543204 0.00418959 0.00268779 0.00123151 -0.000155218 -0.00137928 -0.00253513 -0.00348861 -0.00415753 -0.00471416 -0.00489459 -0.00485822 -0.00437614 -0.00398961 -0.00324812 -0.00282134 -0.00219637 -0.0019732 -0.00141567 -0.0012698 -0.000823693 -0.000682842 -0.000387974 -0.000387614 -0.000343712 -0.000446399 -0.000729708 -0.000891109 -0.00136346 -0.00150413 -0.0019217 -0.0018187 -0.0019604 -0.00156343 -0.00127977 -0.000778153 -0.000225898 5.55657e-05 0.000467146 0.000259087 0.000270496 -0.000341601 -0.000629592 -0.00108428 -0.00127984 -0.00103538 -0.000899582 -0.000101344 0.000140437 0.000653533 0.000552667 0.000193622 -0.000144342 -0.000867705 -0.000778652 -0.000897713 -0.000283357 0.000249896 0.000456919 0.000741354 2.03869e-05 -0.000216944 -0.00073531 -0.000772671 -0.000104673 6.30309e-05 0.000740409 0.000383204 -0.000107365 -0.000319065 -0.000819903 -6.61412e-05 0.000204749 0.000407238 0.000497986 -0.000407878 -0.00026836 -0.00027173 -6.48383e-05 0.000380375 3.01414e-07 -3.9258e-05 -5.09577e-05 -9.23632e-05 4.8713e-05 2.09668e-05 -1.61193e-05 3.43391e-07 -3.39589e-06 -1.79522e-06 1.32874e-06 3.59176e-08 -3.72488e-07 0 0 
0 0 -2.06737e-07 -1.18999e-07 7.4877e-07 -7.92561e-07 -6.62031e-06 3.94923e-06 4.35323e-06 -7.23009e-06 2.63037e-05 -9.32449e-05 -8.06691e-05 0.000223094 1.27272e-05 8.2094e-05 -0.000183182 -0.000729076 0.000311711 0.000310138 0.00053517 0.000422094 -0.00103034 -0.000520713 -0.000496711 0.000269861 0.00114836 0.000262279 0.000130422 -0.000943926 -0.00109307 -0.000286901 -2.26866e-05 0.00113118 0.000720204 0.00030064 -0.000379588 -0.00136401 -0.000936109 -0.000929906 0.000186807 0.000749313 0.000879808 0.000911839 -0.000218951 -0.000582465 -0.00155048 -0.00151397 -0.0012369 -0.000764902 0.00026778 0.000451222 0.0010785 0.000539596 0.000242704 -0.000607036 -0.00139111 -0.00179875 -0.00236699 -0.00199432 -0.0020251 -0.00116777 -0.000863376 -0.000140791 0.000121114 0.000248171 0.00024517 -0.000270771 -0.000542282 -0.00148851 -0.00193706 -0.00309065 -0.00365018 -0.00461227 -0.00468559 -0.00443175 -0.00318982 -0.00177436 -0.000808363 -0.000974045 -0.00260454 -0.00440596 -0.0058246 -0.00554701 -0.00494558 -0.00399288 -0.00400333 -0.00333984 -0.00246478 -0.000477374 0.00091894 0.00263735 0.00408222 0.0064641 0.00835605 0.0103248 0.0116037 0.0133248 0.0143216 0.0151316 0.015009 0.0150744 0.0142855 0.0133601 0.0116507 0.0102793 0.00824219 0.00646658 0.00425977 0.00271557 0.000715028 -0.000590941 -0.00210263 -0.00287243 -0.00404098 -0.00434039 -0.00477346 -0.00446623 -0.00440181 -0.00378368 -0.0036367 -0.00341992 -0.00347733 -0.00354275 -0.00362765 -0.00373886 -0.00347138 -0.00349464 -0.00287223 -0.00264127 -0.00175036 -0.00141511 -0.000489775 -0.000259491 0.000253975 0.000284952 0.000143111 -0.00011947 -0.000829408 -0.00115559 -0.0020075 -0.00196634 -0.0023643 -0.00178811 -0.00137164 -0.000608446 0.000251269 0.000551835 0.00107833 0.000461769 0.000264935 -0.000767993 -0.00122493 -0.00151924 -0.00155767 -0.000583409 -0.000228608 0.000916573 0.000880757 0.000734862 0.000183735 -0.000941144 -0.000935932 -0.00135723 -0.000387131 0.000294742 0.000708634 0.00112031 -1.55128e-05 -0.000286461 -0.00108766 -0.000949554 0.000114093 0.00025275 0.00112653 0.000262161 -0.000493067 -0.000516389 -0.00101866 0.000413268 0.000524609 0.000303149 0.000304619 -0.000721039 -0.000181958 7.98944e-05 1.17884e-05 0.000219416 -8.02554e-05 -9.23694e-05 2.57393e-05 -7.32832e-06 4.24242e-06 3.80463e-06 -6.69304e-06 -4.5675e-07 4.63574e-07 -1.18693e-07 0 0 
0 0 -2.0296e-07 7.08661e-08 8.95469e-08 -4.39527e-06 1.17623e-06 1.30754e-05 -2.41922e-05 -1.68307e-05 4.70513e-06 -5.10895e-05 0.000223094 -2.28722e-06 -0.000479925 4.71182e-05 -0.0002392 0.000603899 0.000942313 -0.000832393 -0.000369935 -0.0011408 -0.000218428 0.00151757 0.000470694 0.000739233 -0.000954436 -0.00159795 -0.00044521 -0.000326082 0.00152791 0.00112265 0.000377954 -0.00033317 -0.00193647 -0.00111132 -0.000945182 0.000500763 0.00145366 0.00108716 0.00106093 -0.000796594 -0.00126093 -0.0020634 -0.00178062 -0.000615122 -3.02157e-05 0.00147688 0.0011785 0.00130312 0.000141517 -0.000959191 -0.00175054 -0.00276005 -0.00227963 -0.00236564 -0.00100615 -0.00046591 0.000606366 0.00101658 0.00095045 0.000826788 -0.000328045 -0.000810104 -0.00232447 -0.00272378 -0.00378733 -0.00380593 -0.00410698 -0.00388164 -0.00365487 -0.00363111 -0.00324245 -0.00325007 -0.00204808 -0.000941702 0.0014688 0.00251968 0.00285571 0.00023311 -0.00301995 -0.00664651 -0.00800897 -0.00821228 -0.00771099 -0.00804941 -0.00850635 -0.00813299 -0.00665861 -0.00462064 -0.00309149 -0.001165 0.00112509 0.00429919 0.00670838 0.00918919 0.011167 0.0136389 0.0148902 0.0158871 0.015876 0.0160393 0.014832 0.0134728 0.01128 0.00938356 0.00654814 0.00407767 0.00136666 -0.000816366 -0.00326798 -0.0049758 -0.00641957 -0.00743266 -0.0081765 -0.0083887 -0.00801452 -0.00743926 -0.00598417 -0.00472054 -0.00301687 -0.00218489 -0.000869288 -0.00084221 -0.000253461 -0.000758613 -0.000696153 -0.00163927 -0.00189294 -0.00277926 -0.00324951 -0.00368694 -0.00403677 -0.00381341 -0.00375998 -0.00268305 -0.0023078 -0.000768947 -0.000299391 0.000832052 0.000986342 0.00103617 0.000606664 -0.000438785 -0.000997119 -0.00236524 -0.00225376 -0.00276178 -0.00175334 -0.000946905 0.000134622 0.00131149 0.00117664 0.00145859 -2.4698e-05 -0.000613103 -0.00178734 -0.00205907 -0.00128244 -0.000797921 0.00106932 0.00108338 0.00146002 0.000486807 -0.00096134 -0.0011054 -0.00193851 -0.000319266 0.000378088 0.00110459 0.00151916 -0.000342822 -0.000438644 -0.00158269 -0.000944501 0.000724661 0.000459844 0.00149182 -0.000218899 -0.00112748 -0.00036727 -0.000822762 0.00092727 0.000593045 -0.000237796 4.48482e-05 -0.000474634 -2.96709e-06 0.000219397 -5.09669e-05 4.25847e-06 -1.68898e-05 -2.3953e-05 1.27039e-05 1.11299e-06 -4.1558e-06 -1.03823e-06 5.52891e-08 0 0 
0 0 -2.83362e-07 -1.38521e-07 -5.26591e-07 -2.50838e-06 6.4294e-06 -1.34066e-05 -3.48326e-05 6.33703e-05 1.01562e-05 -3.91088e-05 1.27272e-05 -0.000479925 0.000254652 0.000711668 -0.000216278 0.000310622 -0.00150284 -0.000865278 0.0013086 0.000390792 0.00180904 -0.000649186 -0.00199124 -0.000687791 -0.00110285 0.00184085 0.00161342 0.000575858 3.47905e-05 -0.00256933 -0.00132419 -0.00100274 0.000661196 0.00229515 0.00116503 0.00116814 -0.00141763 -0.00204832 -0.00224751 -0.00186116 0.000494542 0.000896853 0.0024831 0.00150614 0.000584482 -0.000817255 -0.00269689 -0.00261064 -0.00326925 -0.00149578 -0.000748585 0.000951021 0.00178231 0.00173174 0.00168684 -0.000110474 -0.000770229 -0.002908 -0.00334504 -0.00441029 -0.00413575 -0.00368496 -0.00296206 -0.00152619 -0.000977539 0.00047329 0.000253721 0.000825484 -0.000521746 -0.00120218 -0.00307756 -0.00376762 -0.0040079 -0.00291629 -0.00148983 -0.00144033 -0.00327172 -0.0079721 -0.0121838 -0.0154771 -0.0149336 -0.014053 -0.012418 -0.0128638 -0.011733 -0.0102127 -0.00652765 -0.00414241 -0.00112026 0.00153288 0.00604295 0.00974977 0.0135609 0.0163988 0.0201323 0.0227721 0.0249182 0.025617 0.0265248 0.0259912 0.024871 0.022411 0.0202636 0.0168265 0.0134616 0.00935961 0.00620147 0.002065 -0.00104252 -0.0045555 -0.00665415 -0.00957832 -0.0108625 -0.0127731 -0.0131404 -0.0140303 -0.0128525 -0.0123407 -0.010481 -0.00936342 -0.00750241 -0.00655465 -0.00512666 -0.00400143 -0.00302365 -0.0017488 -0.00101513 0.00025285 0.000310033 0.00124244 0.000360171 0.000485419 -0.000926254 -0.00150775 -0.00293973 -0.0036333 -0.00413063 -0.00438711 -0.00329504 -0.00290588 -0.000754093 -7.79941e-05 0.00168137 0.00174965 0.0017953 0.000928898 -0.000726932 -0.00149104 -0.00328484 -0.00260286 -0.00270941 -0.000816571 0.000599288 0.00148412 0.00247749 0.000895092 0.000486388 -0.00183925 -0.00226418 -0.00206489 -0.00142376 0.0011521 0.00118099 0.00229838 0.000640572 -0.00101215 -0.00135967 -0.0025706 4.36529e-05 0.000577795 0.0016239 0.00181456 -0.00109318 -0.000684778 -0.00196795 -0.000645615 0.00177747 0.000379651 0.00128518 -0.000857775 -0.00148466 0.000303884 -0.00021538 0.000700514 0.000249548 -0.000474651 1.17699e-05 -3.93229e-05 9.51098e-06 6.22749e-05 -3.46351e-05 -1.35839e-05 6.56012e-06 -2.63791e-06 -1.60009e-06 -4.43367e-08 0 0 
0 0 8.16216e-09 -2.42202e-07 -2.27795e-06 -2.69414e-06 1.90864e-06 -1.89499e-05 2.93291e-05 4.37165e-05 -0.000189112 1.20871e-06 8.2094e-05 4.71182e-05 0.000711668 -0.00089718 -0.000899948 0.000329067 -0.000222169 0.00255199 8.23472e-05 -0.00173238 -0.000856176 -0.00243418 0.00184665 0.00195057 0.00100758 0.000863597 -0.00317449 -0.00158041 -0.00124241 0.000505814 0.00322341 0.00116058 0.00135686 -0.00189417 -0.00291272 -0.00206869 -0.00185193 0.00178789 0.00179447 0.00293709 0.00146957 -0.000950434 -0.00187993 -0.00418241 -0.00261308 -0.00234495 0.000238811 0.00181625 0.00241713 0.00303708 0.000803101 0.000120585 -0.00288094 -0.0035401 -0.00477153 -0.0044352 -0.00320063 -0.00223969 0.000185882 0.000633699 0.00247999 0.00170144 0.00197557 0.000263763 -0.000899782 -0.00273418 -0.00467034 -0.00611975 -0.00838099 -0.00902022 -0.0103106 -0.00842592 -0.00647928 -0.00170781 0.000866385 0.00219871 -0.00133296 -0.00606069 -0.0107559 -0.0118667 -0.0105825 -0.00909051 -0.00895299 -0.0100258 -0.0091398 -0.00717944 -0.00387422 -0.00238905 0.000381206 0.00326133 0.00836081 0.0116204 0.0157287 0.0187397 0.0234553 0.0257499 0.0283297 0.0289331 0.0305426 0.0293133 0.0283541 0.0254293 0.0235023 0.0191626 0.0158601 0.0113484 0.00826405 0.00368319 0.00088985 -0.00251261 -0.00444269 -0.0069771 -0.00783496 -0.00918172 -0.00968787 -0.00991359 -0.00921248 -0.00816749 -0.00703065 -0.00535305 -0.00503546 -0.00424732 -0.00509533 -0.0049801 -0.00664082 -0.00634928 -0.00755646 -0.00674214 -0.00685309 -0.0053469 -0.00444298 -0.00264449 -0.000852901 0.000252082 0.00202131 0.00173738 0.00247658 0.000694264 0.000217787 -0.00225078 -0.00315908 -0.00442137 -0.00478411 -0.00351256 -0.00289534 0.000122861 0.000833257 0.00300263 0.00242152 0.00183863 0.000223696 -0.00233591 -0.00262663 -0.0042051 -0.0018551 -0.00096326 0.00146122 0.00292358 0.00175558 0.00180064 -0.0018524 -0.00207933 -0.00291727 -0.00194259 0.00134557 0.00116188 0.00322322 0.000529135 -0.00127261 -0.00160736 -0.00320207 0.000834524 0.000983762 0.0019128 0.00181124 -0.00240564 -0.000850044 -0.00171274 7.68076e-05 0.0025112 -0.000223843 0.000320623 -0.000891349 -0.000887086 0.000700472 4.50082e-05 8.00913e-05 2.01898e-07 -0.000187328 4.28469e-05 2.84292e-05 -1.88837e-05 2.23425e-06 -3.83687e-06 -2.42876e-06 6.08186e-08 0 0 
0 0 2.21549e-07 -2.05975e-06 -5.66653e-06 4.85336e-06 2.37619e-06 -1.97283e-05 2.33548e-05 -8.86423e-05 -5.53139e-05 0.000386648 -0.000183182 -0.0002392 -0.000216278 -0.000899948 0.00184356 0.000718225 -0.000581495 -0.00040405 -0.00356097 0.00108774 0.00177959 0.00153167 0.00224568 -0.00335473 -0.00184347 -0.00180574 -0.000112877 0.00406405 0.00124836 0.00172704 -0.00203075 -0.00381696 -0.00172519 -0.00193866 0.00291319 0.00262873 0.00279239 0.00127576 -0.00278786 -0.00260508 -0.00484627 -0.00186315 -0.000239556 0.00197404 0.00412554 0.0023445 0.00239156 -0.00171714 -0.00275589 -0.00497239 -0.00506445 -0.00344853 -0.00249031 0.00110774 0.00150365 0.00392895 0.00268028 0.00237118 0.000104041 -0.00221775 -0.00388768 -0.00641801 -0.00628066 -0.00765867 -0.0058424 -0.00599 -0.00379342 -0.00376909 -0.00275034 -0.00281117 -0.00199832 0.000220146 0.00294876 0.00661486 0.00620688 0.00304208 -0.00612416 -0.0140044 -0.0208977 -0.0211366 -0.0211265 -0.0200462 -0.0223923 -0.0224289 -0.0212749 -0.0170388 -0.0142796 -0.0112336 -0.00782338 -0.00203236 0.0035947 0.00854315 0.0132524 0.018704 0.023846 0.0272895 0.0298663 0.0318769 0.0329879 0.0319375 0.0300058 0.0273374 0.0237381 0.0188138 0.0137225 0.00871688 0.00319104 -0.00201745 -0.00691119 -0.0107722 -0.0150642 -0.017466 -0.0199917 -0.0208464 -0.0224951 -0.0213372 -0.0210864 -0.0178525 -0.0154791 -0.0105286 -0.00797055 -0.00365449 -0.002011 0.000379055 0.000709212 0.00166175 0.0011807 0.000453502 -0.000284363 -0.00247093 -0.003274 -0.00575799 -0.00581627 -0.00766754 -0.00622025 -0.00642379 -0.00386617 -0.00214307 8.97327e-05 0.00238238 0.00273433 0.00390836 0.00151757 0.00113855 -0.00251391 -0.00341892 -0.00506996 -0.00499476 -0.00270697 -0.00173508 0.00236501 0.0023612 0.00410199 0.00198297 -0.000241324 -0.00191702 -0.00484165 -0.00261771 -0.00278718 0.0012917 0.00274294 0.00261442 0.00290082 -0.00194257 -0.0016871 -0.00383621 -0.00204966 0.00169899 0.00120894 0.00409399 -0.000104842 -0.00177909 -0.00182198 -0.00331012 0.00220611 0.00150259 0.00174653 0.00106437 -0.00351661 -0.000403023 -0.000577323 0.00070525 0.00181454 -0.000891298 -0.000215732 -0.000237959 -0.000181884 0.0003806 -5.54515e-05 -8.80655e-05 2.24583e-05 -1.93768e-05 1.90013e-06 3.42662e-06 -2.50462e-06 -1.63521e-06 0 0 
0 0 -5.59568e-07 -2.47147e-06 -7.44577e-07 8.26549e-06 -2.53061e-05 -1.35388e-05 4.40135e-05 -6.44058e-05 0.000147465 -6.46656e-05 -0.000729076 0.000603899 0.000310622 0.000329067 0.000718225 -0.00318566 -0.00013063 0.000752098 0.00125191 0.00385436 -0.00271957 -0.00184104 -0.00247012 -0.00141942 0.0044569 0.00150261 0.00235258 -0.0015843 -0.00465209 -0.00147811 -0.00219654 0.00353892 0.00344273 0.00228014 0.00125142 -0.00438457 -0.0030182 -0.00458337 -0.000928836 0.00228998 0.00287772 0.00529047 0.000943559 0.000250937 -0.00410541 -0.00524544 -0.00458428 -0.00416881 0.000510784 0.00106017 0.00485288 0.00362239 0.00332153 0.000824105 -0.00259297 -0.0040029 -0.00739938 -0.00614008 -0.00730838 -0.0040697 -0.00311398 2.10964e-05 0.00170119 0.00275267 0.00367266 0.00180221 0.00108527 -0.00344182 -0.0054397 -0.0099514 -0.00964195 -0.00937874 -0.00490698 -0.00273641 -0.00304891 -0.00906584 -0.0178035 -0.0243772 -0.0264888 -0.0226905 -0.0199791 -0.0177646 -0.019055 -0.0161198 -0.0129209 -0.00668178 -0.004533 0.000149127 0.00407204 0.0119718 0.0165326 0.0227077 0.0270502 0.0344664 0.0383463 0.0429304 0.0447529 0.0484018 0.0479905 0.0479655 0.0449933 0.0435191 0.0381411 0.0341298 0.0277598 0.0234436 0.0160392 0.0115383 0.00506964 0.00118578 -0.00504977 -0.0075806 -0.0122555 -0.0142017 -0.0180018 -0.0188147 -0.0213533 -0.0207434 -0.0203919 -0.0181924 -0.0165754 -0.0144872 -0.0128097 -0.0121975 -0.0101001 -0.00958571 -0.00659414 -0.00575352 -0.00192554 -0.00136006 0.00216714 0.00224973 0.00371914 0.00278618 0.00172253 -1.98813e-05 -0.00304271 -0.00402717 -0.00734277 -0.00607884 -0.0073742 -0.00402457 -0.00253471 0.000816724 0.00330329 0.00366681 0.00482424 0.00107017 0.000520572 -0.00422544 -0.00455668 -0.00523697 -0.00414887 0.000258627 0.000904201 0.00528603 0.00291609 0.00224693 -0.000932997 -0.00461346 -0.0030432 -0.00434111 0.00124005 0.00227483 0.00341642 0.00348153 -0.00217669 -0.00147494 -0.00462327 -0.00156943 0.00229595 0.001479 0.00438027 -0.00140495 -0.00244029 -0.00181854 -0.00268399 0.00379481 0.00122735 0.000734957 -0.000135767 -0.00314613 0.000705345 0.000321223 0.000303867 0.000593426 -0.000721448 -6.48902e-05 0.000144685 -6.44431e-05 4.29618e-05 -1.34522e-05 -2.6146e-05 8.66821e-06 2.19473e-06 -2.20143e-06 0 0 
