<?xml version="1.0"?>
<VTKFile type="ImageData" version="0.1" byte_order="LittleEndian">
<ImageData WholeExtent="0 199 0 199 0 0" Origin="0 0 0" Spacing="15 15 0">
<Piece Extent="0 199 0 199 0 0">
<PointData Scalars="Amplitude">
<DataArray type="Float32" Name="Amplitude" format="ascii">
0 0 0 0 0 0 0 0 0 0 0 0 0 0 0 0 0 0 0 0 0 0 0 0 0 0 0 0 0 0 0 0 0 0 0 0 0 0 0 0 0 0 0 0 0 0 0 0 0 0 0 0 0 0 0 0 0 0 0 0 0 0 0 0 0 0 0 0 0 0 0 0 0 0 0 0 0 0 0 0 0 0 0 0 0 0 0 0 0 0 0 0 0 0 0 0 0 0 0 0 0 0 0 0 0 0 0 0 0 0 0 0 0 0 0 0 0 0 0 0 0 0 0 0 0 0 0 0 0 0 0 0 0 0 0 0 0 0 0 0 0 0 0 0 0 0 0 0 0 0 0 0 0 0 0 0 0 0 0 0 0 0 0 0 0 0 0 0 0 0 0 0 0 0 0 0 0 0 0 0 0 0 0 0 0 0 0 0 0 0 0 0 0 0 0 0 0 0 0 0 
0 0 0 0 0 0 0 0 0 0 0 0 0 0 0 0 0 0 0 0 0 0 0 0 0 0 0 0 0 0 0 0 0 0 0 0 0 0 0 0 0 0 0 0 0 0 0 0 0 0 0 0 0 0 0 0 0 0 0 0 0 0 0 0 0 0 0 0 0 0 0 0 0 0 0 0 0 0 0 0 0 0 0 0 0 0 0 0 0 0 0 0 0 0 0 0 0 0 0 0 0 0 0 0 0 0 0 0 0 0 0 0 0 0 0 0 0 0 0 0 0 0 0 0 0 0 0 0 0 0 0 0 0 0 0 0 0 0 0 0 0 0 0 0 0 0 0 0 0 0 0 0 0 0 0 0 0 0 0 0 0 0 0 0 0 0 0 0 0 0 0 0 0 0 0 0 0 0 0 0 0 0 0 0 0 0 0 0 0 0 0 0 0 0 0 0 0 0 0 0 
0 0 8.87756e-18 -1.08069e-16 -7.46972e-16 -5.98785e-15 -1.72022e-14 5.53899e-14 7.78073e-13 3.5013e-12 5.04723e-12 -3.40688e-11 -2.68554e-10 -9.36045e-10 -1.33382e-09 4.22821e-09 3.39827e-08 1.1672e-07 2.31937e-07 1.06625e-07 -1.15779e-06 -5.32763e-06 -1.41781e-05 -2.59058e-05 -2.7478e-05 1.61803e-05 0.000171278 0.000533116 0.00119953 0.00221349 0.00348605 0.00473455 0.00548594 0.00518447 0.00339944 6.68861e-05 -0.00434765 -0.00887228 -0.0122781 -0.0134877 -0.0119864 -0.00805714 -0.00272487 0.00257917 0.00650204 0.00820942 0.00761464 0.00532712 0.00236669 -0.000224817 -0.00172155 -0.00189067 -0.000975081 0.000476913 0.00184801 0.00266275 0.00270986 0.00205627 0.000972916 -0.000184815 -0.00109567 -0.00155562 -0.00151046 -0.00104119 -0.000317652 0.000459486 0.001111 0.00151427 0.00161769 0.00143643 0.0010355 0.000507155 -5.12922e-05 -0.000554983 -0.000942342 -0.00117924 -0.00125761 -0.00119052 -0.00100532 -0.000736842 -0.000421258 -9.16431e-05 0.000224888 0.000508494 0.00074664 0.000933385 0.00106814 0.00115432 0.00119792 0.00120637 0.00118761 0.00114936 0.0010987 0.00104177 0.000983698 0.000928604 0.000879715 0.00083947 0.000809605 0.000791271 0.000785098 0.000791271 0.000809605 0.00083947 0.000879715 0.000928604 0.000983698 0.00104177 0.0010987 0.00114936 0.00118761 0.00120637 0.00119792 0.00115432 0.00106814 0.000933385 0.00074664 0.000508494 0.000224888 -9.16431e-05 -0.000421258 -0.000736842 -0.00100532 -0.00119052 -0.00125761 -0.00117924 -0.000942343 -0.000554983 -5.12919e-05 0.000507152 0.0010355 0.00143642 0.00161769 0.00151427 0.001111 0.000459494 -0.000317644 -0.00104118 -0.00151047 -0.00155564 -0.00109568 -0.000184818 0.000972923 0.00205629 0.00270989 0.00266279 0.00184804 0.000476942 -0.000975072 -0.00189067 -0.00172155 -0.000224843 0.00236669 0.00532708 0.00761457 0.0082094 0.00650205 0.00257919 -0.00272483 -0.00805707 -0.0119863 -0.0134876 -0.012278 -0.00887231 -0.00434771 6.68264e-05 0.00339939 0.00518445 0.00548599 0.00473475 0.00348632 0.00221346 0.0011981 0.000528036 0.000169464 1.6094e-05 -2.71499e-05 -2.5629e-05 -1.40342e-05 -5.27528e-06 -1.14659e-06 1.05746e-07 2.2987e-07 1.15686e-07 3.36824e-08 4.18966e-09 -1.32322e-09 -9.28334e-10 -2.66327e-10 -3.37791e-11 5.0098e-12 3.47373e-12 7.71873e-13 5.49295e-14 -1.70944e-14 -6.13211e-15 -1.46785e-15 -1.44049e-16 0 0 
0 0 -1.08069e-16 -1.57602e-15 -7.16419e-15 -2.77702e-14 2.61951e-14 9.16988e-13 5.07249e-12 1.07051e-11 -3.601e-11 -3.8914e-10 -1.55998e-09 -2.78599e-09 5.30969e-09 5.70723e-08 2.15919e-07 4.68108e-07 3.03059e-07 -2.14785e-06 -1.08433e-05 -3.02221e-05 -5.71615e-05 -6.27281e-05 3.44593e-05 0.00039027 0.00122881 0.00277991 0.00513963 0.0080854 0.0109332 0.0125598 0.0116805 0.00735949 -0.000425836 -0.0104487 -0.0203704 -0.0274078 -0.0293174 -0.0252899 -0.0163406 -0.00499649 0.00560654 0.0128299 0.0153859 0.0136132 0.00912783 0.00406249 0.000243988 -0.00137044 -0.000835895 0.00102804 0.00310268 0.00443763 0.00455293 0.00350742 0.00176543 -4.41094e-05 -0.0013689 -0.00189541 -0.0015995 -0.000697524 0.000462612 0.00152308 0.00221288 0.00239925 0.00209194 0.00141179 0.000540519 -0.000330923 -0.00104346 -0.00149408 -0.00164299 -0.00150675 -0.00114289 -0.000631451 -5.75113e-05 0.000502182 0.000987866 0.00136036 0.00160088 0.00170819 0.00169419 0.0015792 0.00138759 0.00114432 0.000872424 0.000591468 0.000316805 5.95076e-05 -0.000173213 -0.000377443 -0.000551905 -0.000697281 -0.000815521 -0.000909177 -0.000981035 -0.00103376 -0.00106967 -0.00109049 -0.0010973 -0.00109049 -0.00106967 -0.00103376 -0.000981035 -0.000909177 -0.000815521 -0.000697281 -0.000551905 -0.000377443 -0.000173213 5.95076e-05 0.000316805 0.000591468 0.000872424 0.00114432 0.00138759 0.0015792 0.00169419 0.00170819 0.00160088 0.00136036 0.000987866 0.000502181 -5.7513e-05 -0.000631453 -0.0011429 -0.00150675 -0.00164299 -0.00149409 -0.00104347 -0.00033093 0.000540524 0.00141181 0.00209196 0.00239926 0.00221289 0.00152308 0.000462583 -0.000697541 -0.00159951 -0.0018954 -0.00136887 -4.4064e-05 0.00176548 0.00350746 0.00455293 0.00443764 0.00310268 0.00102802 -0.00083593 -0.00137047 0.000243938 0.00406242 0.00912773 0.0136132 0.015386 0.01283 0.00560663 -0.0049964 -0.0163405 -0.0252898 -0.0293174 -0.0274078 -0.0203705 -0.0104488 -0.000425865 0.00735962 0.0116808 0.0125603 0.010933 0.00808218 0.00512848 0.00274942 0.00121483 0.000386176 3.41941e-05 -6.20475e-05 -5.65819e-05 -2.99266e-05 -1.07398e-05 -2.12742e-06 3.00588e-07 4.6403e-07 2.14041e-07 5.65752e-08 5.26083e-09 -2.76384e-09 -1.54725e-09 -3.85938e-10 -3.57013e-11 1.06238e-11 5.03271e-12 9.09688e-13 2.5721e-14 -2.86501e-14 -9.09725e-15 -1.5342e-15 0 0 
0 0 -7.46972e-16 -7.16419e-15 -2.84732e-14 -6.57543e-14 3.76045e-13 4.07747e-12 1.61164e-11 1.00045e-11 -2.4512e-10 -1.5277e-09 -4.50192e-09 -2.73736e-09 4.05654e-08 2.24878e-07 6.51596e-07 9.62321e-07 -9.48392e-07 -1.07996e-05 -3.77013e-05 -8.51814e-05 -0.000124648 -4.87173e-05 0.00037906 0.00153606 0.00385978 0.00763028 0.0126275 0.0178117 0.0212613 0.0205852 0.0138336 0.000624139 -0.017069 -0.0350101 -0.0478916 -0.0512726 -0.0434485 -0.0263552 -0.00500521 0.0143521 0.0265524 0.029303 0.0237179 0.0134831 0.00314663 -0.00366694 -0.00539612 -0.00270154 0.0022377 0.00685106 0.00921379 0.00862496 0.00561596 0.00151417 -0.00217923 -0.00433706 -0.00450974 -0.00294162 -0.00036329 0.0023191 0.00431876 0.00516316 0.0047587 0.00333978 0.00134571 -0.000723694 -0.00243307 -0.0034919 -0.00378413 -0.00335381 -0.00236282 -0.0010366 0.000388024 0.00170326 0.00275537 0.0034542 0.00377045 0.00372472 0.00337254 0.00278905 0.00205538 0.00124812 0.000432756 -0.000339944 -0.00103478 -0.00163108 -0.00212048 -0.00250422 -0.00279024 -0.00299087 -0.00312072 -0.00319496 -0.00322825 -0.0032337 -0.00322268 -0.00320455 -0.0031866 -0.00317391 -0.00316934 -0.00317391 -0.0031866 -0.00320455 -0.00322268 -0.0032337 -0.00322825 -0.00319496 -0.00312072 -0.00299087 -0.00279024 -0.00250422 -0.00212048 -0.00163108 -0.00103478 -0.000339944 0.000432756 0.00124812 0.00205538 0.00278905 0.00337254 0.00372472 0.00377045 0.0034542 0.00275536 0.00170325 0.000388019 -0.00103661 -0.00236284 -0.00335383 -0.00378416 -0.00349191 -0.00243305 -0.000723661 0.00134575 0.0033398 0.0047587 0.00516312 0.00431872 0.0023191 -0.000363257 -0.00294158 -0.00450967 -0.00433702 -0.0021792 0.00151412 0.00561587 0.00862492 0.0092137 0.00685098 0.00223759 -0.00270158 -0.00539623 -0.00366699 0.00314661 0.0134832 0.023718 0.0293031 0.0265526 0.0143522 -0.00500517 -0.026355 -0.0434484 -0.0512724 -0.0478916 -0.0350101 -0.0170689 0.000624659 0.0138345 0.0205856 0.0212584 0.0177982 0.0125907 0.00755472 0.00381557 0.00151929 0.000375229 -4.81188e-05 -0.000123372 -8.43462e-05 -3.73416e-05 -1.06982e-05 -9.3898e-07 9.54061e-07 6.45956e-07 2.22934e-07 4.02107e-08 -2.71842e-09 -4.46548e-09 -1.51522e-09 -2.43089e-10 9.94072e-12 1.5991e-11 4.04521e-12 3.72031e-13 -6.84039e-14 -2.86754e-14 -6.40901e-15 0 0 
0 0 -5.98785e-15 -2.77702e-14 -6.57543e-14 3.9716e-13 4.33667e-12 1.70255e-11 4.49906e-12 -3.2191e-10 -1.92149e-09 -5.34331e-09 -3.81698e-10 6.79817e-08 3.42288e-07 9.27755e-07 1.07124e-06 -3.05739e-06 -2.13373e-05 -6.80205e-05 -0.000142268 -0.000174304 6.45201e-05 0.00104732 0.00347971 0.00808224 0.0151308 0.0238382 0.0318622 0.035445 0.030499 0.0145019 -0.0115602 -0.0423276 -0.0691449 -0.0830439 -0.0784701 -0.055971 -0.0223811 0.011753 0.0363709 0.0457428 0.0402422 0.0254069 0.00899153 -0.00244338 -0.00586787 -0.00223466 0.00479352 0.0109593 0.0133092 0.011138 0.00580794 -0.000224328 -0.00460459 -0.00597905 -0.00431817 -0.000682109 0.00335516 0.00633718 0.0073819 0.00635278 0.00376027 0.000489309 -0.00252089 -0.00454105 -0.00519954 -0.00450414 -0.00276549 -0.000466908 0.00187359 0.00381558 0.00506505 0.00549691 0.00513976 0.0041369 0.00269782 0.00105146 -0.000590862 -0.00205961 -0.00323877 -0.00406676 -0.00453007 -0.0046521 -0.00448082 -0.00407765 -0.00350795 -0.00283419 -0.00211089 -0.00138231 -0.000682125 -3.42355e-05 0.00054632 0.00105198 0.00148048 0.00183306 0.00211311 0.00232486 0.00247239 0.00255924 0.00258791 0.00255924 0.00247239 0.00232486 0.00211311 0.00183306 0.00148048 0.00105198 0.00054632 -3.42355e-05 -0.000682125 -0.00138231 -0.00211089 -0.00283419 -0.00350795 -0.00407765 -0.00448082 -0.0046521 -0.00453007 -0.00406676 -0.00323877 -0.00205961 -0.000590862 0.00105145 0.00269781 0.00413688 0.00513973 0.00549686 0.00506498 0.00381551 0.00187356 -0.00046691 -0.00276545 -0.00450412 -0.00519952 -0.00454107 -0.00252096 0.000489281 0.00376033 0.00635285 0.00738195 0.00633722 0.00335509 -0.00068219 -0.00431831 -0.00597928 -0.00460474 -0.000224457 0.00580775 0.0111379 0.0133093 0.0109594 0.00479368 -0.00223431 -0.0058674 -0.00244279 0.00899198 0.0254073 0.0402427 0.0457432 0.0363713 0.0117534 -0.0223807 -0.0559704 -0.0784694 -0.0830428 -0.0691434 -0.042326 -0.0115606 0.0144934 0.0304691 0.0353702 0.0317101 0.0235814 0.0149512 0.0079914 0.00344271 0.00103672 6.39442e-05 -0.000172605 -0.000140926 -6.73921e-05 -2.11425e-05 -3.02892e-06 1.06242e-06 9.199e-07 3.39386e-07 6.74007e-08 -3.83756e-10 -5.30074e-09 -1.906e-09 -3.19283e-10 4.48073e-12 1.68931e-11 4.29982e-12 4.01214e-13 3.04443e-14 -1.81863e-14 0 0 
0 0 -1.72022e-14 2.61951e-14 3.76045e-13 4.33667e-12 1.75519e-11 1.50009e-12 -3.82998e-10 -2.28378e-09 -6.16483e-09 2.51456e-09 1.01304e-07 4.87998e-07 1.26284e-06 1.0593e-06 -6.64864e-06 -3.82665e-05 -0.000115541 -0.000226495 -0.000220048 0.000365858 0.00245362 0.007354 0.016255 0.0292419 0.0441881 0.0561226 0.0578946 0.0427267 0.00799971 -0.0415288 -0.0933 -0.130546 -0.138974 -0.113511 -0.0614881 -0.000189118 0.0503226 0.0756222 0.072432 0.0487159 0.0187837 -0.00374228 -0.011542 -0.00543342 0.00773976 0.0194572 0.0236981 0.0191144 0.00867513 -0.00249869 -0.00976396 -0.0108256 -0.0062457 0.00130444 0.00846131 0.0125488 0.0124144 0.00854598 0.00259987 -0.00335419 -0.00755589 -0.00902258 -0.00768306 -0.00422153 0.000249155 0.00454925 0.00772779 0.00923302 0.00894902 0.0071284 0.00426482 0.000948708 -0.00225883 -0.00491446 -0.00673603 -0.00760809 -0.00755842 -0.00671959 -0.00528629 -0.00347529 -0.00149415 0.000480186 0.00231154 0.00390808 0.00521949 0.0062301 0.00695097 0.00741143 0.00765122 0.00771527 0.00764881 0.00749434 0.00728999 0.00706721 0.00685224 0.00666509 0.00652131 0.00643127 0.00640057 0.00643127 0.00652131 0.00666509 0.00685224 0.00706721 0.00728999 0.00749434 0.00764881 0.00771527 0.00765122 0.00741143 0.00695097 0.0062301 0.00521949 0.00390808 0.00231154 0.000480186 -0.00149415 -0.00347529 -0.00528629 -0.00671959 -0.00755842 -0.00760809 -0.00673605 -0.00491451 -0.00225892 0.000948586 0.00426471 0.00712828 0.00894899 0.00923306 0.00772784 0.00454922 0.000249086 -0.0042216 -0.00768304 -0.0090224 -0.00755566 -0.00335412 0.00259982 0.00854578 0.012414 0.0125485 0.00846108 0.0013043 -0.00624575 -0.0108255 -0.00976382 -0.00249847 0.00867536 0.0191145 0.0236983 0.0194576 0.00774006 -0.00543305 -0.0115416 -0.00374148 0.0187846 0.0487166 0.0724325 0.0756229 0.0503234 -0.000187805 -0.0614861 -0.113508 -0.13897 -0.130548 -0.0933193 -0.0415906 0.00785507 0.042446 0.0574267 0.0554536 0.0436481 0.028909 0.0160807 0.0072787 0.00242939 0.00036233 -0.000218011 -0.000224431 -0.000114503 -3.79257e-05 -6.58873e-06 1.05106e-06 1.25235e-06 4.83929e-07 1.00453e-07 2.48751e-09 -6.11639e-09 -2.26557e-09 -3.79912e-10 1.50258e-12 1.74261e-11 4.44065e-12 1.01286e-12 6.81733e-14 0 0 
0 0 5.53899e-14 9.16988e-13 4.07747e-12 1.70255e-11 1.50009e-12 -4.05322e-10 -2.4866e-09 -6.68734e-09 5.33646e-09 1.33299e-07 6.32712e-07 1.58621e-06 8.30605e-07 -1.17276e-05 -6.12267e-05 -0.000178588 -0.000329739 -0.000225092 0.000989926 0.0049891 0.014074 0.0301209 0.0526626 0.0769073 0.0931617 0.0888724 0.0537991 -0.0131156 -0.099052 -0.178729 -0.223196 -0.212791 -0.147667 -0.0495463 0.0471228 0.11048 0.12503 0.0968205 0.0479712 0.00431808 -0.016801 -0.0126428 0.00691085 0.0269039 0.0356473 0.0296634 0.0136004 -0.00370186 -0.014262 -0.014517 -0.00610539 0.00582772 0.0154937 0.0189916 0.0155315 0.00717048 -0.00249487 -0.00992361 -0.0128676 -0.0108943 -0.00519251 0.0020971 0.00869485 0.0128582 0.0137507 0.011484 0.00690297 0.00124186 -0.00423066 -0.00848795 -0.0109028 -0.0112816 -0.0098059 -0.00691727 -0.00318723 0.000802292 0.00454647 0.00766944 0.00994283 0.0112779 0.011701 0.0113211 0.0102943 0.00879714 0.00700183 0.00506363 0.00310986 0.00123546 -0.000493456 -0.00203585 -0.00337222 -0.00449999 -0.00542716 -0.00616877 -0.00674293 -0.00716755 -0.00745766 -0.00762594 -0.00768087 -0.00762594 -0.00745766 -0.00716755 -0.00674293 -0.00616877 -0.00542716 -0.00449999 -0.00337222 -0.00203585 -0.000493456 0.00123546 0.00310986 0.00506363 0.00700183 0.00879714 0.0102943 0.0113211 0.011701 0.0112779 0.00994283 0.00766943 0.00454646 0.000802273 -0.00318731 -0.00691739 -0.00980606 -0.0112818 -0.0109028 -0.00848789 -0.00423058 0.00124195 0.00690293 0.0114838 0.0137505 0.0128582 0.00869515 0.0020974 -0.00519245 -0.0108945 -0.0128679 -0.00992411 -0.00249537 0.00717024 0.0155316 0.0189917 0.0154939 0.00582799 -0.00610526 -0.0145166 -0.0142615 -0.00370156 0.0136004 0.0296633 0.035647 0.0269036 0.00691071 -0.0126425 -0.0168008 0.00431809 0.0479714 0.0968214 0.125032 0.110483 0.0471261 -0.0495429 -0.147672 -0.212829 -0.22331 -0.178988 -0.0995336 -0.0138833 0.0527438 0.087623 0.0919783 0.0760213 0.0520959 0.0298124 0.0139352 0.00494123 0.000980544 -0.000223132 -0.000326823 -0.000177022 -6.06927e-05 -1.16244e-05 8.24797e-07 1.57327e-06 6.2751e-07 1.32195e-07 5.28583e-09 -6.63539e-09 -2.46698e-09 -4.02079e-10 1.64201e-12 1.75938e-11 5.66582e-12 9.35653e-13 0 0 
0 0 7.78073e-13 5.07249e-12 1.61164e-11 4.49906e-12 -3.82998e-10 -2.4866e-09 -6.86467e-09 7.09761e-09 1.56664e-07 7.50213e-07 1.85238e-06 4.26967e-07 -1.77636e-05 -8.83772e-05 -0.00025273 -0.00044123 -0.000154593 0.00206052 0.00903398 0.0245822 0.0515461 0.0883109 0.125448 0.145385 0.127429 0.0576327 -0.0599219 -0.1973 -0.308841 -0.34946 -0.297097 -0.166594 -0.00551301 0.127418 0.189858 0.174189 0.107021 0.0315969 -0.0156568 -0.021241 0.003914 0.0356784 0.0523023 0.0452967 0.0210084 -0.00585552 -0.0215956 -0.0203681 -0.00564611 0.0131791 0.0263212 0.0281637 0.0190113 0.00388288 -0.0104395 -0.0184705 -0.017933 -0.0100366 0.00158774 0.0125772 0.0194207 0.0204162 0.0158534 0.0075507 -0.00194029 -0.0101487 -0.0152946 -0.0165793 -0.0141648 -0.00894477 -0.00220664 0.00470408 0.0106432 0.0148283 0.0168838 0.0168075 0.0148803 0.0115585 0.00737109 0.00283227 -0.00161835 -0.00564693 -0.0090336 -0.0116662 -0.0135234 -0.0146511 -0.0151401 -0.0151058 -0.0146716 -0.0139577 -0.013074 -0.0121147 -0.0111584 -0.0102645 -0.0094811 -0.00884046 -0.00836738 -0.00807792 -0.00797995 -0.00807792 -0.00836738 -0.00884046 -0.0094811 -0.0102645 -0.0111584 -0.0121147 -0.013074 -0.0139577 -0.0146716 -0.0151058 -0.0151401 -0.0146511 -0.0135234 -0.0116662 -0.0090336 -0.00564693 -0.00161835 0.00283227 0.00737109 0.0115585 0.0148803 0.0168075 0.0168838 0.0148282 0.0106431 0.00470407 -0.00220648 -0.0089445 -0.0141646 -0.0165792 -0.0152948 -0.0101491 -0.00194052 0.00755089 0.0158536 0.0204161 0.0194203 0.0125767 0.00158712 -0.0100374 -0.0179334 -0.0184706 -0.0104393 0.00388327 0.0190116 0.0281641 0.0263217 0.0131795 -0.00564578 -0.0203685 -0.0215966 -0.00585634 0.0210077 0.0452959 0.0523016 0.0356778 0.00391271 -0.0212427 -0.0156575 0.0315987 0.107025 0.174194 0.18986 0.127402 -0.00558562 -0.166797 -0.29753 -0.350239 -0.310031 -0.198845 -0.0615836 0.056202 0.125667 0.143674 0.124091 0.0874076 0.0510396 0.0243477 0.00894964 0.00204143 -0.000153407 -0.00043743 -0.000250559 -8.76197e-05 -1.76101e-05 4.24963e-07 1.83747e-06 7.44118e-07 1.55381e-07 7.033e-09 -6.81179e-09 -2.467e-09 -3.79312e-10 5.57609e-12 1.11651e-11 4.19717e-12 0 0 
0 0 3.5013e-12 1.07051e-11 1.00045e-11 -3.2191e-10 -2.28378e-09 -6.68734e-09 7.09761e-09 1.65247e-07 8.1623e-07 2.026e-06 -6.66578e-09 -2.3638e-05 -0.00011582 -0.000329139 -0.000547002 1.00524e-05 0.00361984 0.0147455 0.0393713 0.0816622 0.138058 0.191831 0.213416 0.17049 0.0459034 -0.145084 -0.349285 -0.491242 -0.50715 -0.380077 -0.154414 0.0823022 0.242175 0.279918 0.211 0.0958544 0.00215904 -0.0309047 -0.00663482 0.041033 0.0735694 0.0706172 0.0374535 -0.00358354 -0.0292842 -0.028745 -0.00700048 0.0206155 0.0383403 0.0380181 0.0217089 -0.00116296 -0.0195158 -0.0258988 -0.0190782 -0.00345698 0.0137038 0.0256093 0.0283805 0.0219146 0.00923829 -0.00505887 -0.0165462 -0.0222561 -0.0212514 -0.0144969 -0.00424024 0.00679501 0.016137 0.0220637 0.0238136 0.0215262 0.0160277 0.00853014 0.000337876 -0.0073839 -0.0137546 -0.0182357 -0.0206211 -0.0209818 -0.0195871 -0.0168216 -0.013107 -0.00885562 -0.00442026 -8.77536e-05 0.00393358 0.00751846 0.0106018 0.0131683 0.0152392 0.0168626 0.0180969 0.0190066 0.0196562 0.0200998 0.0203815 0.0205354 0.0205835 0.0205354 0.0203815 0.0200998 0.0196562 0.0190066 0.0180969 0.0168626 0.0152392 0.0131683 0.0106018 0.00751846 0.00393358 -8.77536e-05 -0.00442026 -0.00885562 -0.013107 -0.0168216 -0.0195871 -0.0209818 -0.0206211 -0.0182356 -0.0137545 -0.00738389 0.000337818 0.00853006 0.0160276 0.0215263 0.0238138 0.0220641 0.0161373 0.00679499 -0.00424052 -0.0144972 -0.0212511 -0.0222558 -0.0165467 -0.00505947 0.00923747 0.0219137 0.0283794 0.0256086 0.0137037 -0.00345679 -0.0190777 -0.0258983 -0.0195154 -0.00116228 0.0217094 0.0380177 0.0383389 0.0206129 -0.00700335 -0.0287476 -0.0292875 -0.00358566 0.0374508 0.0706145 0.0735678 0.0410323 -0.00663458 -0.0309018 0.00216441 0.0958546 0.210968 0.279791 0.241843 0.0816113 -0.155612 -0.381836 -0.509312 -0.49335 -0.350642 -0.14509 0.0447451 0.168347 0.211076 0.189868 0.136707 0.0808877 0.0390065 0.0146111 0.00358704 9.63942e-06 -0.000542399 -0.000326359 -0.000114842 -2.34369e-05 -4.79712e-09 2.0099e-06 8.09669e-07 1.63908e-07 7.03406e-09 -6.63545e-09 -2.26503e-09 -3.27641e-10 -5.30835e-11 4.99362e-12 0 0 
0 0 5.04723e-12 -3.601e-11 -2.4512e-10 -1.92149e-09 -6.16483e-09 5.33646e-09 1.56664e-07 8.1623e-07 2.08611e-06 -2.87104e-07 -2.79543e-05 -0.000138393 -0.000396149 -0.000634141 0.000253342 0.00556012 0.0218551 0.0580188 0.120017 0.201499 0.275274 0.294781 0.212097 0.0082144 -0.28144 -0.565469 -0.728494 -0.688384 -0.446596 -0.0969539 0.218598 0.383754 0.366026 0.224194 0.0636209 -0.0284707 -0.0264037 0.0342428 0.0924725 0.104554 0.066592 0.0079003 -0.034149 -0.0385282 -0.00998947 0.0285645 0.0525257 0.0495785 0.0241089 -0.00816201 -0.0302923 -0.0327747 -0.0168382 0.00799226 0.0296015 0.0389645 0.0333597 0.0163551 -0.00467861 -0.0219221 -0.0299562 -0.0271393 -0.0154574 0.000760505 0.0165358 0.0277463 0.0320494 0.0291298 0.0203542 0.00813831 -0.00480032 -0.0160583 -0.0239336 -0.0275893 -0.0270016 -0.0227765 -0.0159068 -0.00753111 0.00125548 0.00953719 0.0166498 0.022192 0.0260032 0.0281164 0.0287033 0.0280183 0.0263517 0.0239976 0.0212253 0.0182678 0.0153136 0.0125074 0.00995371 0.00772167 0.00586158 0.00439648 0.0033424 0.00270677 0.00249273 0.00270677 0.0033424 0.00439648 0.00586158 0.00772167 0.00995371 0.0125074 0.0153136 0.0182678 0.0212253 0.0239976 0.0263517 0.0280183 0.0287033 0.0281164 0.0260032 0.022192 0.0166498 0.00953719 0.0012555 -0.00753107 -0.0159068 -0.0227765 -0.0270017 -0.0275893 -0.0239337 -0.0160582 -0.00479999 0.00813871 0.0203543 0.0291297 0.0320492 0.0277466 0.0165364 0.0007596 -0.0154586 -0.0271406 -0.0299579 -0.0219239 -0.00467957 0.0163547 0.0333603 0.038965 0.0296017 0.00799105 -0.0168391 -0.0327757 -0.0302942 -0.00816468 0.024105 0.0495746 0.0525221 0.0285615 -0.00999267 -0.0385301 -0.0341514 0.00789898 0.0665919 0.104555 0.0924771 0.0342481 -0.0264096 -0.0285282 0.0634143 0.223675 0.364982 0.381994 0.216108 -0.0998572 -0.449161 -0.689544 -0.727221 -0.561419 -0.279283 0.00755579 0.20963 0.291737 0.272587 0.199598 0.118913 0.0574945 0.0216601 0.00551068 0.000250699 -0.000628913 -0.000392855 -0.00013724 -2.77196e-05 -2.82825e-07 2.06971e-06 8.09728e-07 1.55406e-07 5.28932e-09 -6.12482e-09 -1.97634e-09 -5.21084e-10 -5.29707e-11 0 0 
0 0 -3.40688e-11 -3.8914e-10 -1.5277e-09 -5.34331e-09 2.51456e-09 1.33299e-07 7.50213e-07 2.026e-06 -2.87104e-07 -2.95448e-05 -0.000151181 -0.000442112 -0.000694408 0.000519482 0.00759583 0.029557 0.0788732 0.163944 0.275027 0.371318 0.383784 0.244423 -0.0658205 -0.479974 -0.852303 -1.0181 -0.881683 -0.482194 0.0139136 0.398843 0.536894 0.432199 0.208342 0.0193919 -0.0435849 0.00927746 0.0983825 0.142469 0.111656 0.0349341 -0.0322607 -0.0502275 -0.0177763 0.0343879 0.068806 0.0653189 0.0298523 -0.0138046 -0.0406787 -0.0385442 -0.0122272 0.0218297 0.0457157 0.0489041 0.0318365 0.00384389 -0.0223901 -0.0366121 -0.0346203 -0.0187928 0.00392708 0.0252438 0.038479 0.0403748 0.0314344 0.0150732 -0.00386401 -0.0206247 -0.0316778 -0.0352968 -0.031566 -0.021976 -0.00883493 0.00533423 0.0182942 0.0283973 0.0347029 0.0369602 0.0354607 0.0308715 0.0240543 0.0159118 0.00726025 -0.00121611 -0.00902342 -0.015839 -0.0214882 -0.0259507 -0.0292878 -0.0316251 -0.0331231 -0.0339632 -0.0343142 -0.0343352 -0.0341661 -0.0339175 -0.0336778 -0.0335082 -0.0334449 -0.0335082 -0.0336778 -0.0339175 -0.0341661 -0.0343352 -0.0343142 -0.0339632 -0.0331231 -0.0316251 -0.0292878 -0.0259507 -0.0214882 -0.015839 -0.00902342 -0.00121611 0.00726025 0.0159118 0.0240543 0.0308715 0.0354608 0.0369602 0.0347028 0.0283973 0.0182941 0.00533414 -0.00883489 -0.0219756 -0.0315655 -0.0352966 -0.0316778 -0.0206248 -0.00386381 0.0150742 0.0314337 0.0403727 0.0384771 0.0252413 0.00392495 -0.0187936 -0.0346202 -0.036611 -0.02239 0.00384182 0.0318328 0.0489006 0.0457139 0.0218265 -0.0122306 -0.0385483 -0.0406825 -0.0138079 0.0298501 0.0653172 0.0688062 0.0343881 -0.0177768 -0.0502278 -0.0322566 0.0349397 0.111666 0.14246 0.0982946 0.00897342 -0.0443393 0.0178915 0.205869 0.428801 0.533122 0.395832 0.0131568 -0.479417 -0.874974 -1.00837 -0.843932 -0.475733 -0.0656738 0.24176 0.38002 0.367829 0.272511 0.162473 0.0781754 0.0292981 0.00752938 0.000514473 -0.000688787 -0.000438482 -0.000149937 -2.92995e-05 -2.82907e-07 2.01018e-06 7.44286e-07 1.32232e-07 2.4324e-09 -5.55742e-09 -2.03066e-09 -3.88615e-10 0 0 
0 0 -2.68554e-10 -1.55998e-09 -4.50192e-09 -3.81698e-10 1.01304e-07 6.32712e-07 1.85238e-06 -6.66578e-09 -2.79543e-05 -0.000151181 -0.000458478 -0.000724702 0.000727938 0.0093143 0.0365931 0.0991201 0.208516 0.351694 0.471889 0.47246 0.26046 -0.181847 -0.744585 -1.20984 -1.35371 -1.07631 -0.4787 0.176202 0.608961 0.682589 0.466692 0.167045 -0.0211128 -0.0283872 0.0772108 0.171107 0.171691 0.0866362 -0.0136342 -0.0599115 -0.0329098 0.0331618 0.0841246 0.0855575 0.0414601 -0.0154166 -0.0491757 -0.0430629 -0.00598139 0.0369928 0.0611632 0.055257 0.0249568 -0.0127921 -0.0397566 -0.0449868 -0.028416 0.000947471 0.0302393 0.0483288 0.0496721 0.035259 0.0111367 -0.0144625 -0.0340235 -0.0428002 -0.0395904 -0.0263879 -0.00723746 0.0130996 0.0303791 0.0416593 0.0455972 0.0423555 0.0332477 0.0202388 0.00549229 -0.00901346 -0.0217257 -0.0316199 -0.0381953 -0.0414034 -0.0415389 -0.0391201 -0.0347522 -0.0290545 -0.0225973 -0.0158776 -0.00927444 -0.00306708 0.00255659 0.00748964 0.0116927 0.0151634 0.0179257 0.0200189 0.021478 0.0223441 0.0226339 0.0223441 0.021478 0.0200189 0.0179257 0.0151634 0.0116927 0.00748964 0.00255659 -0.00306708 -0.00927444 -0.0158776 -0.0225973 -0.0290545 -0.0347522 -0.0391201 -0.0415389 -0.0414034 -0.0381953 -0.0316199 -0.0217257 -0.00901346 0.0054922 0.0202387 0.0332477 0.0423555 0.0455974 0.0416601 0.0303795 0.0130997 -0.0072378 -0.0263878 -0.0395896 -0.0428 -0.0340257 -0.0144651 0.0111341 0.0352566 0.0496708 0.0483278 0.030239 0.000946857 -0.0284201 -0.0449921 -0.0397608 -0.0127931 0.0249563 0.0552543 0.0611594 0.0369882 -0.00598495 -0.0430668 -0.0491777 -0.0154194 0.041458 0.0855524 0.084123 0.033162 -0.0329051 -0.059902 -0.0136462 0.0865165 0.171276 0.170072 0.0751644 -0.0317145 -0.0255802 0.162289 0.463254 0.682439 0.613595 0.185698 -0.466063 -1.06321 -1.33941 -1.19808 -0.737848 -0.180538 0.25778 0.468016 0.467593 0.348556 0.206684 0.0982589 0.0362776 0.00923396 0.000721148 -0.000718917 -0.000454755 -0.000149949 -2.77244e-05 -4.96422e-09 1.838e-06 6.27703e-07 1.00296e-07 -7.11531e-10 -3.1207e-09 -1.30061e-09 0 0 
0 0 -9.36045e-10 -2.78599e-09 -2.73736e-09 6.79817e-08 4.87998e-07 1.58621e-06 4.26967e-07 -2.3638e-05 -0.000138393 -0.000442112 -0.000724702 0.000806992 0.0103029 0.0415616 0.115328 0.247301 0.422104 0.566455 0.552422 0.257129 -0.336257 -1.06575 -1.62581 -1.72333 -1.26445 -0.437801 0.375949 0.827083 0.802171 0.465012 0.111626 -0.0413809 0.023526 0.166441 0.231944 0.167288 0.0363813 -0.0561143 -0.0534251 0.020362 0.0940273 0.109805 0.0617335 -0.0100435 -0.0551365 -0.0482058 -0.00101348 0.051348 0.0757341 0.0600538 0.0166354 -0.0286686 -0.0523496 -0.0448492 -0.0129645 0.0260894 0.0541774 0.060215 0.0435868 0.0126097 -0.0201742 -0.0432465 -0.0499146 -0.0396314 -0.0170706 0.0102399 0.0345888 0.0501452 0.0540643 0.0466108 0.030436 0.0095453 -0.0118368 -0.0301091 -0.0428185 -0.0488249 -0.0481411 -0.0417197 -0.0310339 -0.0177748 -0.00354573 0.0102768 0.0226867 0.0330352 0.0410128 0.0466042 0.0499563 0.0513958 0.0512791 0.0499998 0.0479291 0.0454154 0.0427422 0.0401456 0.0378003 0.0358481 0.0343926 0.0334946 0.0331893 0.0334946 0.0343926 0.0358481 0.0378003 0.0401456 0.0427422 0.0454154 0.0479291 0.0499998 0.0512791 0.0513958 0.0499563 0.0466042 0.0410128 0.0330352 0.0226867 0.0102768 -0.00354573 -0.0177748 -0.0310339 -0.0417198 -0.0481412 -0.0488248 -0.0428183 -0.0301088 -0.0118361 0.00954568 0.0304362 0.0466104 0.0540636 0.0501456 0.0345897 0.0102383 -0.0170745 -0.0396349 -0.0499169 -0.0432486 -0.0201773 0.012608 0.0435858 0.0602111 0.0541711 0.0260851 -0.012966 -0.0448487 -0.0523512 -0.0286742 0.0166305 0.0600506 0.0757314 0.0513472 -0.00101528 -0.0482066 -0.0551402 -0.0100427 0.0617378 0.109814 0.0940403 0.0203492 -0.0535822 -0.0566605 0.035029 0.164628 0.227655 0.160777 0.0176892 -0.0452133 0.112272 0.471791 0.814685 0.842559 0.390172 -0.427871 -1.25012 -1.70607 -1.61045 -1.05614 -0.333482 0.254606 0.547399 0.561428 0.418418 0.245167 0.114342 0.041208 0.0102151 0.000799593 -0.000718975 -0.000438556 -0.000137276 -2.34452e-05 4.24857e-07 1.57379e-06 4.83907e-07 6.91985e-08 1.12148e-08 -1.42683e-09 0 0 
0 0 -1.33382e-09 5.30969e-09 4.05654e-08 3.42288e-07 1.26284e-06 8.30605e-07 -1.77636e-05 -0.00011582 -0.000396149 -0.000694408 0.000727938 0.0103029 0.0433578 0.124369 0.273821 0.476242 0.643929 0.616778 0.237432 -0.51366 -1.41849 -2.07252 -2.10562 -1.43753 -0.367352 0.59178 1.02847 0.880535 0.428804 0.0552306 -0.031398 0.106872 0.258166 0.263957 0.130051 -0.0190588 -0.0690646 -0.00640689 0.0914155 0.134784 0.0933207 0.00728218 -0.0557165 -0.0548729 -0.000385556 0.0623749 0.0891903 0.0654122 0.0101976 -0.0407523 -0.0588177 -0.0375 0.00762757 0.0507116 0.0702133 0.0586427 0.0236958 -0.0176442 -0.0478771 -0.0561519 -0.0413561 -0.0108421 0.0235939 0.050496 0.0623115 0.0569676 0.0374229 0.00991704 -0.0182646 -0.0407836 -0.0535129 -0.0550069 -0.0461969 -0.0297121 -0.00905065 0.0122954 0.0313638 0.0460653 0.0552956 0.0588351 0.0571619 0.0511821 0.0420502 0.0309577 0.0189687 0.00695935 -0.00440894 -0.0146674 -0.0235907 -0.0310863 -0.0371835 -0.0419857 -0.0456633 -0.0483879 -0.0503446 -0.0516902 -0.0525432 -0.0530192 -0.0531775 -0.0530192 -0.0525432 -0.0516902 -0.0503446 -0.0483879 -0.0456633 -0.0419857 -0.0371835 -0.0310863 -0.0235907 -0.0146674 -0.00440894 0.00695935 0.0189687 0.0309577 0.0420502 0.0511821 0.0571619 0.0588351 0.0552957 0.0460654 0.0313638 0.0122956 -0.00905064 -0.0297111 -0.0461957 -0.0550066 -0.0535133 -0.0407845 -0.0182652 0.00991831 0.037422 0.0569639 0.0623065 0.0504931 0.0235905 -0.0108472 -0.0413591 -0.0561526 -0.047882 -0.0176519 0.0236904 0.0586408 0.070214 0.0507105 0.00762106 -0.0375041 -0.0588203 -0.0407509 0.0101975 0.0654108 0.089189 0.0623713 -0.000384836 -0.0548664 -0.0557061 0.00730147 0.0933072 0.134598 0.0907401 -0.00808865 -0.0723788 -0.0243947 0.123079 0.256953 0.253918 0.108436 -0.022268 0.0709354 0.447101 0.895976 1.0368 0.592624 -0.361489 -1.42263 -2.08547 -2.05348 -1.40585 -0.509278 0.235194 0.611319 0.638334 0.472154 0.271491 0.123318 0.042993 0.010216 0.000721298 -0.000688959 -0.000392989 -0.000114892 -1.76199e-05 8.24683e-07 1.25426e-06 3.52615e-07 9.46223e-08 9.07009e-09 0 0 
0 0 4.22821e-09 5.70723e-08 2.24878e-07 9.27755e-07 1.0593e-06 -1.17276e-05 -8.83772e-05 -0.000329139 -0.000634141 0.000519482 0.0093143 0.0415616 0.124369 0.283255 0.505704 0.69472 0.661172 0.210216 -0.688101 -1.76421 -2.51032 -2.47216 -1.58526 -0.273871 0.806137 1.19592 0.911197 0.363823 0.00637716 0.00705208 0.20545 0.332314 0.260346 0.0738581 -0.0563473 -0.041089 0.0679806 0.15134 0.134987 0.0419402 -0.0452967 -0.0614415 -0.00590526 0.0681002 0.101927 0.0740743 0.00882259 -0.0476339 -0.0606917 -0.0271188 0.0280345 0.0704625 0.0772972 0.0475001 -0.00105462 -0.0435132 -0.0609148 -0.0478272 -0.0124854 0.0287981 0.0595845 0.0693947 0.0565029 0.0269768 -0.00865638 -0.0395071 -0.0575644 -0.0593825 -0.0460586 -0.0221269 0.00624584 0.0328993 0.0530363 0.0638674 0.0646565 0.0564655 0.041424 0.0222826 0.00175293 -0.0177821 -0.0346208 -0.0476725 -0.056492 -0.0611512 -0.0620458 -0.0598619 -0.0552979 -0.0491248 -0.041999 -0.0345071 -0.0271008 -0.0201349 -0.0138454 -0.00840502 -0.00388691 -0.000350396 0.00218021 0.00370056 0.00420278 0.00370056 0.00218021 -0.000350396 -0.00388691 -0.00840502 -0.0138454 -0.0201349 -0.0271008 -0.0345071 -0.041999 -0.0491248 -0.0552979 -0.0598619 -0.0620458 -0.0611512 -0.056492 -0.0476725 -0.0346208 -0.0177818 0.00175327 0.0222827 0.041424 0.0564655 0.0646571 0.0638689 0.053038 0.0328997 0.00624517 -0.022127 -0.0460581 -0.0593826 -0.0575673 -0.039513 -0.0086615 0.0269721 0.0564966 0.0693899 0.0595825 0.0287931 -0.0124968 -0.0478327 -0.0609139 -0.0435123 -0.00105311 0.0474978 0.0772961 0.0704629 0.0280359 -0.0271165 -0.0606919 -0.0476383 0.00881892 0.0740713 0.101932 0.0681126 -0.00588522 -0.0614544 -0.0455142 0.041151 0.132983 0.147368 0.0615935 -0.0494084 -0.0645679 0.069152 0.262799 0.343821 0.22434 0.0280857 0.0228993 0.371209 0.909246 1.18847 0.800165 -0.270004 -1.56985 -2.4494 -2.48784 -1.7487 -0.682189 0.208315 0.655449 0.688787 0.501423 0.280873 0.12333 0.0412157 0.00923656 0.00051469 -0.000629187 -0.000326532 -8.76749e-05 -1.16328e-05 1.06052e-06 9.6519e-07 3.39296e-07 6.07376e-08 0 0 
0 0 3.39827e-08 2.15919e-07 6.51596e-07 1.07124e-06 -6.64864e-06 -6.12267e-05 -0.00025273 -0.000547002 0.000253342 0.00759583 0.0365931 0.115328 0.273821 0.505704 0.712402 0.683644 0.187187 -0.828502 -2.05712 -2.89357 -2.79341 -1.70072 -0.165287 1.00985 1.32798 0.902921 0.28231 -0.0311876 0.0619137 0.297085 0.372912 0.224268 0.0173386 -0.0605185 0.0217655 0.144594 0.177368 0.0964827 -0.0157389 -0.0626845 -0.0177799 0.0662011 0.113508 0.0884631 0.0156979 -0.0480445 -0.0597605 -0.0175404 0.0445426 0.0841184 0.0779824 0.0329483 -0.022738 -0.0584559 -0.0576192 -0.0239358 0.0236083 0.0620607 0.0752486 0.0595343 0.0232157 -0.0186851 -0.0510448 -0.063952 -0.0550428 -0.0289595 0.00543788 0.0382644 0.0614889 0.0705714 0.0648871 0.0470393 0.021573 -0.00625128 -0.0316431 -0.0510671 -0.0625916 -0.0657087 -0.0611623 -0.0504545 -0.0355289 -0.0183577 -0.000694359 0.0160957 0.031017 0.0434926 0.0532964 0.0604836 0.065297 0.0680778 0.0692547 0.0692447 0.0684265 0.0671744 0.0657467 0.0644206 0.0633535 0.0626644 0.0624424 0.0626644 0.0633535 0.0644206 0.0657467 0.0671744 0.0684265 0.0692447 0.0692547 0.0680778 0.065297 0.0604836 0.0532964 0.0434926 0.031017 0.0160957 -0.000694359 -0.0183577 -0.0355287 -0.0504544 -0.0611623 -0.0657089 -0.0625915 -0.0510665 -0.0316416 -0.00624874 0.0215751 0.0470394 0.0648866 0.0705712 0.0614889 0.0382627 0.00543155 -0.0289676 -0.0550504 -0.063958 -0.0510509 -0.0186894 0.0232107 0.0595245 0.0752426 0.0620646 0.0236105 -0.0239334 -0.0576191 -0.0584574 -0.0227355 0.0329481 0.0779814 0.0841182 0.0445391 -0.0175519 -0.0597623 -0.048047 0.015723 0.0885015 0.113507 0.0659813 -0.0186533 -0.0649527 -0.0202998 0.0890879 0.167727 0.135097 0.0164853 -0.0572968 0.0310501 0.246177 0.396525 0.314639 0.068517 -0.0349043 0.273439 0.894298 1.31632 1.00143 -0.163079 -1.68507 -2.76849 -2.86818 -2.03928 -0.821385 0.185571 0.677838 0.706394 0.501471 0.271544 0.114375 0.0362916 0.00753301 0.000250867 -0.00054274 -0.000250742 -6.0738e-05 -6.56456e-06 1.14632e-06 6.71881e-07 1.9669e-07 0 0 
0 0 1.1672e-07 4.68108e-07 9.62321e-07 -3.05739e-06 -3.82665e-05 -0.000178588 -0.00044123 1.00524e-05 0.00556012 0.029557 0.0991201 0.247301 0.476242 0.69472 0.683644 0.178218 -0.906963 -2.2538 -3.1783 -3.04308 -1.78241 -0.0556204 1.19335 1.43135 0.875599 0.203893 -0.051932 0.121618 0.364209 0.372423 0.164007 -0.0267646 -0.0323727 0.0994347 0.199278 0.164213 0.04095 -0.0482671 -0.032442 0.0541774 0.121079 0.108947 0.0333884 -0.0403519 -0.0568835 -0.0111676 0.0557642 0.0932042 0.0769163 0.0210742 -0.0367578 -0.0620423 -0.0433345 0.00498473 0.0543976 0.0792409 0.0689431 0.0306673 -0.016861 -0.0530969 -0.0646899 -0.0493288 -0.0148185 0.0254278 0.0578827 0.0732526 0.068516 0.0466666 0.014686 -0.0189649 -0.0467325 -0.0634922 -0.0672036 -0.0585601 -0.0403507 -0.0164911 0.00900082 0.0326162 0.0517838 0.0649543 0.0716811 0.0722814 0.0676718 0.059069 0.0476806 0.0347716 0.0213492 0.00826588 -0.00391994 -0.0148317 -0.024321 -0.0322865 -0.0388152 -0.0439964 -0.0479815 -0.0508914 -0.052884 -0.0540354 -0.0544048 -0.0540354 -0.052884 -0.0508914 -0.0479815 -0.0439964 -0.0388152 -0.0322865 -0.024321 -0.0148317 -0.00391994 0.00826588 0.0213492 0.0347716 0.0476806 0.059069 0.0676718 0.0722816 0.0716812 0.0649546 0.0517839 0.0326161 0.00900086 -0.0164902 -0.0403486 -0.058557 -0.0672016 -0.0634917 -0.0467335 -0.0189656 0.0146858 0.0466625 0.0685069 0.0732407 0.0578737 0.025422 -0.0148244 -0.0493332 -0.0646955 -0.0531048 -0.0168626 0.0306717 0.0689481 0.0792466 0.0543985 0.00498576 -0.0433372 -0.0620453 -0.0367568 0.0210738 0.0769055 0.0932013 0.0557732 -0.0111423 -0.0568285 -0.0403369 0.0331764 0.10802 0.118617 0.0491454 -0.0407141 -0.0591568 0.0301656 0.1582 0.202935 0.115018 -0.00773961 -0.000721196 0.182617 0.378489 0.359195 0.111868 -0.0599078 0.199876 0.867938 1.41892 1.18305 -0.0549085 -1.76664 -3.01657 -3.15086 -2.23445 -0.899211 0.176743 0.677918 0.688932 0.472298 0.245265 0.0983078 0.0293156 0.00551452 9.67132e-06 -0.000437804 -0.000177172 -3.79065e-05 -3.04821e-06 7.27865e-08 3.48948e-07 0 0 
0 0 2.31937e-07 3.03059e-07 -9.48392e-07 -2.13373e-05 -0.000115541 -0.000329739 -0.000154593 0.00361984 0.0218551 0.0788732 0.208516 0.422104 0.643929 0.661172 0.187187 -0.906963 -2.32311 -3.3301 -3.2011 -1.83295 0.038726 1.34408 1.5095 0.844327 0.14359 -0.0502562 0.183325 0.405115 0.337973 0.0915029 -0.0555782 0.0126825 0.166446 0.217627 0.122652 -0.00504396 -0.0398241 0.0316135 0.119211 0.132547 0.0632059 -0.0219909 -0.0513708 -0.00892254 0.0615124 0.100046 0.0785379 0.0160316 -0.04172 -0.0573496 -0.0250109 0.0307321 0.074243 0.0810135 0.0495044 -0.00154275 -0.0456861 -0.0629383 -0.0477713 -0.00933208 0.0346871 0.0667007 0.0756948 0.0602141 0.0271644 -0.0119311 -0.0453042 -0.0643738 -0.0656189 -0.050375 -0.0236859 0.00771572 0.0372405 0.0596495 0.0719713 0.0733079 0.0648204 0.0487657 0.0280686 0.00555013 -0.0162704 -0.0354293 -0.0507918 -0.0618091 -0.0685084 -0.0712319 -0.0706151 -0.067419 -0.0623616 -0.0561601 -0.0494321 -0.0426946 -0.0362819 -0.0305577 -0.0256514 -0.0217301 -0.0188872 -0.017191 -0.0166383 -0.017191 -0.0188872 -0.0217301 -0.0256514 -0.0305577 -0.0362819 -0.0426946 -0.0494321 -0.0561601 -0.0623616 -0.067419 -0.0706151 -0.0712319 -0.0685084 -0.0618091 -0.0507916 -0.0354291 -0.0162704 0.00555034 0.0280684 0.0487654 0.0648197 0.0733091 0.071974 0.0596536 0.037243 0.00771577 -0.0236882 -0.0503766 -0.0656216 -0.0643816 -0.0453181 -0.0119453 0.0271572 0.060211 0.0756895 0.066695 0.0346807 -0.0093354 -0.0477668 -0.0629297 -0.045676 -0.00154183 0.0495033 0.0810147 0.0742364 0.0307366 -0.0250097 -0.0573531 -0.041722 0.0160456 0.078566 0.100097 0.0615398 -0.00911894 -0.0522983 -0.0245579 0.0578461 0.123597 0.107235 0.0195653 -0.0467749 -0.00133114 0.139559 0.244509 0.194644 0.0323557 -0.0497472 0.0856094 0.327726 0.397415 0.180329 -0.0507631 0.142852 0.837361 1.49649 1.33233 0.038258 -1.81728 -3.1737 -3.30171 -2.30338 -0.89926 0.185662 0.655693 0.638614 0.418639 0.206813 0.0782325 0.0216781 0.00359039 -0.000153543 -0.000327144 -0.000114632 -2.19014e-05 -4.98764e-06 -6.75424e-08 0 0 
0 0 1.06625e-07 -2.14785e-06 -1.07996e-05 -6.80205e-05 -0.000226495 -0.000225092 0.00206052 0.0147455 0.0580188 0.163944 0.351694 0.566455 0.616778 0.210216 -0.828502 -2.2538 -3.3301 -3.25513 -1.85668 0.102611 1.45119 1.56369 0.815942 0.1026 -0.0311189 0.244797 0.429604 0.290056 0.0244906 -0.0686643 0.0568049 0.202981 0.196867 0.0686206 -0.0261884 0.00287945 0.100729 0.151053 0.103421 0.0103351 -0.0398359 -0.00986124 0.0616912 0.105915 0.0855097 0.0199849 -0.0382423 -0.0480979 -0.00774302 0.0499351 0.084328 0.0742835 0.0282877 -0.0251579 -0.0563262 -0.050776 -0.0143388 0.032825 0.0679475 0.0762052 0.0559104 0.0169032 -0.0250844 -0.0551764 -0.0643991 -0.0516829 -0.0226862 0.0130568 0.0456076 0.067185 0.0737783 0.0654357 0.0451902 0.0179664 -0.0108932 -0.0367046 -0.0560404 -0.0671803 -0.06974 -0.0646449 -0.0534118 -0.038017 -0.0204445 -0.00235192 0.0149135 0.0303687 0.0434827 0.0540184 0.0620238 0.0677498 0.0715693 0.0737471 0.0748165 0.0750317 0.0747783 0.0742672 0.0738012 0.0734247 0.0733046 0.0734247 0.0738012 0.0742672 0.0747783 0.0750317 0.0748165 0.0737471 0.0715693 0.0677498 0.0620238 0.0540184 0.0434827 0.0303687 0.0149135 -0.00235181 -0.0204443 -0.0380171 -0.0534119 -0.0646451 -0.0697403 -0.0671804 -0.05604 -0.0367029 -0.010889 0.017971 0.0451926 0.065435 0.0737754 0.0671822 0.0456025 0.0130453 -0.0227026 -0.0516964 -0.0644049 -0.0551808 -0.0250944 0.0168952 0.0559107 0.0762079 0.0679534 0.0328382 -0.0143325 -0.050779 -0.0563233 -0.0251578 0.0282856 0.0742862 0.0843211 0.0499291 -0.00774342 -0.0480771 -0.0382027 0.0200149 0.0853292 0.105027 0.0591295 -0.0153519 -0.0492149 -0.00247399 0.0902006 0.143019 0.103994 0.020418 0.00230174 0.0986374 0.217681 0.208923 0.0504683 -0.0791578 0.0171058 0.287562 0.429167 0.243535 -0.0301994 0.102439 0.809403 1.55037 1.43849 0.101317 -1.84116 -3.22769 -3.30203 -2.23483 -0.821527 0.208511 0.61171 0.561821 0.348831 0.162617 0.0575517 0.0146271 0.0020439 -0.000223398 -0.000225147 -7.04953e-05 -2.16485e-05 -2.87125e-06 0 0 
